% time	cellId	IMSI	frame	sframe	RNTI	mcsTb1	sizeTb1	mcsTb2	sizeTb2
1.011	2	1	102	2	1	28	9422	0	0
1.026	1	1	103	7	1	28	9422	0	0
1.046	2	1	105	7	1	28	9422	0	0
1.061	1	1	107	2	1	28	9422	0	0
1.081	2	1	109	2	1	28	9422	0	0
1.096	1	1	110	7	1	28	9422	0	0
1.116	2	1	112	7	1	28	9422	0	0
1.131	1	1	114	2	1	28	9422	0	0
1.151	2	1	116	2	1	28	9422	0	0
1.166	1	1	117	7	1	28	9422	0	0
1.186	2	1	119	7	1	28	9422	0	0
1.201	1	1	121	2	1	28	9422	0	0
1.221	2	1	123	2	1	28	9422	0	0
1.222	2	1	123	3	1	28	9422	0	0
1.236	1	1	124	7	1	28	9422	0	0
1.256	2	1	126	7	1	28	9422	0	0
1.257	2	1	126	8	1	28	9422	0	0
1.271	1	1	128	2	1	28	9422	0	0
1.291	2	1	130	2	1	28	9422	0	0
1.292	2	1	130	3	1	28	9422	0	0
1.293	2	1	130	4	1	28	9422	0	0
1.306	1	1	131	7	1	28	9422	0	0
1.326	2	1	133	7	1	28	9422	0	0
1.327	2	1	133	8	1	28	9422	0	0
1.328	2	1	133	9	1	28	9422	0	0
1.329	2	1	133	10	1	28	9422	0	0
1.33	2	1	134	1	1	28	9422	0	0
1.341	1	1	135	2	1	28	9422	0	0
1.361	2	1	137	2	1	28	9422	0	0
1.362	2	1	137	3	1	28	9422	0	0
1.363	2	1	137	4	1	28	9422	0	0
1.364	2	1	137	5	1	28	9422	0	0
1.365	1	1	137	6	1	28	9422	0	0
1.365	2	1	137	6	1	28	9422	0	0
1.366	2	1	137	7	1	28	9422	0	0
1.367	2	1	137	8	1	28	9422	0	0
1.368	2	1	137	9	1	28	9422	0	0
1.39	2	1	140	1	1	28	9422	0	0
1.391	2	1	140	2	1	28	9422	0	0
1.392	2	1	140	3	1	28	9422	0	0
1.402	1	1	141	3	1	28	9422	0	0
1.427	1	1	143	8	1	28	9422	0	0
1.447	2	1	145	8	1	28	9422	0	0
1.448	2	1	145	9	1	28	9422	0	0
1.449	2	1	145	10	1	28	9422	0	0
1.45	2	1	146	1	1	28	9422	0	0
1.451	2	1	146	2	1	28	9422	0	0
1.452	2	1	146	3	1	28	9422	0	0
1.453	2	1	146	4	1	28	9422	0	0
1.454	2	1	146	5	1	28	9422	0	0
1.455	2	1	146	6	1	28	9422	0	0
1.456	2	1	146	7	1	28	9422	0	0
1.457	2	1	146	8	1	28	9422	0	0
1.458	1	1	146	9	1	28	9422	0	0
1.458	2	1	146	9	1	28	9422	0	0
1.459	2	1	146	10	1	28	9422	0	0
1.46	2	1	147	1	1	28	9422	0	0
1.461	2	1	147	2	1	28	9422	0	0
1.462	2	1	147	3	1	28	9422	0	0
1.463	2	1	147	4	1	28	9422	0	0
1.464	2	1	147	5	1	28	9422	0	0
1.465	2	1	147	6	1	28	9422	0	0
1.466	2	1	147	7	1	28	9422	0	0
1.471	2	1	148	2	1	28	9422	0	0
1.472	2	1	148	3	1	28	9422	0	0
1.473	2	1	148	4	1	28	9422	0	0
1.474	2	1	148	5	1	28	9422	0	0
1.475	2	1	148	6	1	28	9422	0	0
1.476	2	1	148	7	1	28	9422	0	0
1.477	2	1	148	8	1	28	9422	0	0
1.478	2	1	148	9	1	28	9422	0	0
1.483	2	1	149	4	1	28	9422	0	0
1.484	2	1	149	5	1	28	9422	0	0
1.485	2	1	149	6	1	28	9422	0	0
1.486	2	1	149	7	1	28	9422	0	0
1.487	2	1	149	8	1	28	9422	0	0
1.488	2	1	149	9	1	28	9422	0	0
1.489	2	1	149	10	1	28	9422	0	0
1.49	2	1	150	1	1	28	9422	0	0
1.491	2	1	150	2	1	28	9422	0	0
1.492	2	1	150	3	1	28	9422	0	0
1.493	1	1	150	4	1	28	9422	0	0
1.493	2	1	150	4	1	28	9422	0	0
1.494	2	1	150	5	1	28	9422	0	0
1.495	2	1	150	6	1	28	9422	0	0
1.496	2	1	150	7	1	28	9422	0	0
1.497	2	1	150	8	1	28	9422	0	0
1.498	2	1	150	9	1	28	9422	0	0
1.499	2	1	150	10	1	28	9422	0	0
1.5	2	1	151	1	1	28	9422	0	0
1.501	2	1	151	2	1	28	9422	0	0
1.502	2	1	151	3	1	28	9422	0	0
1.503	2	1	151	4	1	28	9422	0	0
1.504	1	1	151	5	1	28	9422	0	0
1.504	2	1	151	5	1	28	9422	0	0
1.505	2	1	151	6	1	28	9422	0	0
1.506	2	1	151	7	1	28	9422	0	0
1.507	2	1	151	8	1	28	9422	0	0
1.508	2	1	151	9	1	28	9422	0	0
1.513	2	1	152	4	1	28	9422	0	0
1.514	2	1	152	5	1	28	9422	0	0
1.515	2	1	152	6	1	28	9422	0	0
1.516	2	1	152	7	1	28	9422	0	0
1.517	2	1	152	8	1	28	9422	0	0
1.518	2	1	152	9	1	28	9422	0	0
1.519	2	1	152	10	1	28	9422	0	0
1.52	2	1	153	1	1	28	9422	0	0
1.525	2	1	153	6	1	28	9422	0	0
1.526	2	1	153	7	1	28	9422	0	0
1.527	2	1	153	8	1	28	9422	0	0
1.528	2	1	153	9	1	28	9422	0	0
1.529	2	1	153	10	1	28	9422	0	0
1.53	2	1	154	1	1	28	9422	0	0
1.531	2	1	154	2	1	28	9422	0	0
1.532	2	1	154	3	1	28	9422	0	0
1.533	2	1	154	4	1	28	9422	0	0
1.534	2	1	154	5	1	28	9422	0	0
1.535	1	1	154	6	1	28	9422	0	0
1.535	2	1	154	6	1	28	9422	0	0
1.536	2	1	154	7	1	28	9422	0	0
1.537	2	1	154	8	1	28	9422	0	0
1.538	2	1	154	9	1	28	9422	0	0
1.539	2	1	154	10	1	28	9422	0	0
1.54	2	1	155	1	1	28	9422	0	0
1.541	2	1	155	2	1	28	9422	0	0
1.542	2	1	155	3	1	28	9422	0	0
1.543	2	1	155	4	1	28	9422	0	0
1.544	2	1	155	5	1	28	9422	0	0
1.545	2	1	155	6	1	28	9422	0	0
1.546	1	1	155	7	1	28	9422	0	0
1.546	2	1	155	7	1	28	9422	0	0
1.547	2	1	155	8	1	28	9422	0	0
1.552	2	1	156	3	1	28	9422	0	0
1.553	2	1	156	4	1	28	9422	0	0
1.554	2	1	156	5	1	28	9422	0	0
1.555	2	1	156	6	1	28	9422	0	0
1.556	2	1	156	7	1	28	9422	0	0
1.557	2	1	156	8	1	28	9422	0	0
1.558	2	1	156	9	1	28	9422	0	0
1.559	2	1	156	10	1	28	9422	0	0
1.564	2	1	157	5	1	28	9422	0	0
1.565	2	1	157	6	1	28	9422	0	0
1.566	2	1	157	7	1	28	9422	0	0
1.567	2	1	157	8	1	28	9422	0	0
1.568	2	1	157	9	1	28	9422	0	0
1.569	2	1	157	10	1	28	9422	0	0
1.57	2	1	158	1	1	28	9422	0	0
1.571	2	1	158	2	1	28	9422	0	0
1.572	2	1	158	3	1	28	9422	0	0
1.573	2	1	158	4	1	28	9422	0	0
1.574	1	1	158	5	1	28	9422	0	0
1.574	2	1	158	5	1	28	9422	0	0
1.575	2	1	158	6	1	28	9422	0	0
1.576	2	1	158	7	1	28	9422	0	0
1.577	2	1	158	8	1	28	9422	0	0
1.578	2	1	158	9	1	28	9422	0	0
1.579	2	1	158	10	1	28	9422	0	0
1.58	2	1	159	1	1	28	9422	0	0
1.581	2	1	159	2	1	28	9422	0	0
1.582	2	1	159	3	1	28	9422	0	0
1.583	2	1	159	4	1	28	9422	0	0
1.584	2	1	159	5	1	28	9422	0	0
1.585	1	1	159	6	1	28	9422	0	0
1.585	2	1	159	6	1	28	9422	0	0
1.586	2	1	159	7	1	28	9422	0	0
1.587	2	1	159	8	1	28	9422	0	0
1.588	2	1	159	9	1	28	9422	0	0
1.589	2	1	159	10	1	28	9422	0	0
1.59	2	1	160	1	1	28	9422	0	0
1.591	2	1	160	2	1	28	9422	0	0
1.592	2	1	160	3	1	28	9422	0	0
1.597	2	1	160	8	1	28	9422	0	0
1.598	2	1	160	9	1	28	9422	0	0
1.599	2	1	160	10	1	28	9422	0	0
1.6	2	1	161	1	1	28	9422	0	0
1.601	2	1	161	2	1	28	9422	0	0
1.602	2	1	161	3	1	28	9422	0	0
1.603	2	1	161	4	1	28	9422	0	0
1.604	2	1	161	5	1	28	9422	0	0
1.609	2	1	161	10	1	28	9422	0	0
1.61	2	1	162	1	1	28	9422	0	0
1.611	2	1	162	2	1	28	9422	0	0
1.612	2	1	162	3	1	28	9422	0	0
1.613	2	1	162	4	1	28	9422	0	0
1.614	2	1	162	5	1	28	9422	0	0
1.615	2	1	162	6	1	28	9422	0	0
1.616	2	1	162	7	1	28	9422	0	0
1.617	2	1	162	8	1	28	9422	0	0
1.618	2	1	162	9	1	28	9422	0	0
1.619	1	1	162	10	1	28	9422	0	0
1.619	2	1	162	10	1	28	9422	0	0
1.62	2	1	163	1	1	28	9422	0	0
1.621	2	1	163	2	1	28	9422	0	0
1.622	2	1	163	3	1	28	9422	0	0
1.623	2	1	163	4	1	28	9422	0	0
1.624	2	1	163	5	1	28	9422	0	0
1.625	2	1	163	6	1	28	9422	0	0
1.626	2	1	163	7	1	28	9422	0	0
1.627	2	1	163	8	1	28	9422	0	0
1.628	2	1	163	9	1	28	9422	0	0
1.629	2	1	163	10	1	28	9422	0	0
1.63	1	1	164	1	1	28	9422	0	0
1.63	2	1	164	1	1	28	9422	0	0
1.635	2	1	164	6	1	28	9422	0	0
1.636	2	1	164	7	1	28	9422	0	0
1.637	2	1	164	8	1	28	9422	0	0
1.638	2	1	164	9	1	28	9422	0	0
1.639	2	1	164	10	1	28	9422	0	0
1.64	2	1	165	1	1	28	9422	0	0
1.641	2	1	165	2	1	28	9422	0	0
1.642	2	1	165	3	1	28	9422	0	0
1.647	2	1	165	8	1	28	9422	0	0
1.648	2	1	165	9	1	28	9422	0	0
1.649	2	1	165	10	1	28	9422	0	0
1.65	2	1	166	1	1	28	9422	0	0
1.651	2	1	166	2	1	28	9422	0	0
1.652	2	1	166	3	1	28	9422	0	0
1.653	2	1	166	4	1	28	9422	0	0
1.654	2	1	166	5	1	28	9422	0	0
1.655	2	1	166	6	1	28	9422	0	0
1.656	2	1	166	7	1	28	9422	0	0
1.657	2	1	166	8	1	28	9422	0	0
1.658	2	1	166	9	1	28	9422	0	0
1.659	2	1	166	10	1	28	9422	0	0
1.66	2	1	167	1	1	28	9422	0	0
1.661	2	1	167	2	1	28	9422	0	0
1.662	2	1	167	3	1	28	9422	0	0
1.663	2	1	167	4	1	28	9422	0	0
1.664	2	1	167	5	1	28	9422	0	0
1.665	2	1	167	6	1	28	9422	0	0
1.666	2	1	167	7	1	28	9422	0	0
1.667	1	1	167	8	1	28	9422	0	0
1.667	2	1	167	8	1	28	9422	0	0
1.668	2	1	167	9	1	28	9422	0	0
1.669	2	1	167	10	1	28	9422	0	0
1.67	2	1	168	1	1	28	9422	0	0
1.671	2	1	168	2	1	28	9422	0	0
1.672	2	1	168	3	1	28	9422	0	0
1.673	2	1	168	4	1	28	9422	0	0
1.674	2	1	168	5	1	28	9422	0	0
1.679	2	1	168	10	1	28	9422	0	0
1.68	2	1	169	1	1	28	9422	0	0
1.681	2	1	169	2	1	28	9422	0	0
1.682	2	1	169	3	1	28	9422	0	0
1.683	2	1	169	4	1	28	9422	0	0
1.684	2	1	169	5	1	28	9422	0	0
1.685	2	1	169	6	1	28	9422	0	0
1.686	2	1	169	7	1	28	9422	0	0
1.691	2	1	170	2	1	28	9422	0	0
1.692	2	1	170	3	1	28	9422	0	0
1.693	2	1	170	4	1	28	9422	0	0
1.694	2	1	170	5	1	28	9422	0	0
1.695	2	1	170	6	1	28	9422	0	0
1.696	2	1	170	7	1	28	9422	0	0
1.697	2	1	170	8	1	28	9422	0	0
1.698	2	1	170	9	1	28	9422	0	0
1.699	2	1	170	10	1	28	9422	0	0
1.7	2	1	171	1	1	28	9422	0	0
1.701	1	1	171	2	1	28	9422	0	0
1.701	2	1	171	2	1	28	9422	0	0
1.702	2	1	171	3	1	28	9422	0	0
1.703	2	1	171	4	1	28	9422	0	0
1.704	2	1	171	5	1	28	9422	0	0
1.705	2	1	171	6	1	28	9422	0	0
1.706	2	1	171	7	1	28	9422	0	0
1.707	2	1	171	8	1	28	9422	0	0
1.708	2	1	171	9	1	28	9422	0	0
1.709	2	1	171	10	1	28	9422	0	0
1.71	2	1	172	1	1	28	9422	0	0
1.711	2	1	172	2	1	28	9422	0	0
1.712	1	1	172	3	1	28	9422	0	0
1.712	2	1	172	3	1	28	9422	0	0
1.713	2	1	172	4	1	28	9422	0	0
1.718	2	1	172	9	1	28	9422	0	0
1.719	2	1	172	10	1	28	9422	0	0
1.72	2	1	173	1	1	28	9422	0	0
1.721	2	1	173	2	1	28	9422	0	0
1.722	2	1	173	3	1	28	9422	0	0
1.723	2	1	173	4	1	28	9422	0	0
1.724	2	1	173	5	1	28	9422	0	0
1.725	2	1	173	6	1	28	9422	0	0
1.73	2	1	174	1	1	28	9422	0	0
1.731	2	1	174	2	1	28	9422	0	0
1.732	2	1	174	3	1	28	9422	0	0
1.733	2	1	174	4	1	28	9422	0	0
1.734	2	1	174	5	1	28	9422	0	0
1.735	2	1	174	6	1	28	9422	0	0
1.736	2	1	174	7	1	28	9422	0	0
1.737	2	1	174	8	1	28	9422	0	0
1.738	2	1	174	9	1	28	9422	0	0
1.739	2	1	174	10	1	28	9422	0	0
1.74	1	1	175	1	1	28	9422	0	0
1.74	2	1	175	1	1	28	9422	0	0
1.741	2	1	175	2	1	28	9422	0	0
1.742	2	1	175	3	1	28	9422	0	0
1.743	2	1	175	4	1	28	9422	0	0
1.744	2	1	175	5	1	28	9422	0	0
1.745	2	1	175	6	1	28	9422	0	0
1.746	2	1	175	7	1	28	9422	0	0
1.747	2	1	175	8	1	28	9422	0	0
1.748	2	1	175	9	1	28	9422	0	0
1.749	2	1	175	10	1	28	9422	0	0
1.75	2	1	176	1	1	28	9422	0	0
1.751	1	1	176	2	1	28	9422	0	0
1.751	2	1	176	2	1	28	9422	0	0
1.752	2	1	176	3	1	28	9422	0	0
1.753	2	1	176	4	1	28	9422	0	0
1.754	2	1	176	5	1	28	9422	0	0
1.755	2	1	176	6	1	28	9422	0	0
1.756	2	1	176	7	1	28	9422	0	0
1.757	2	1	176	8	1	28	9422	0	0
1.758	2	1	176	9	1	28	9422	0	0
1.763	2	1	177	4	1	28	9422	0	0
1.764	2	1	177	5	1	28	9422	0	0
1.765	2	1	177	6	1	28	9422	0	0
1.766	2	1	177	7	1	28	9422	0	0
1.767	2	1	177	8	1	28	9422	0	0
1.768	2	1	177	9	1	28	9422	0	0
1.769	2	1	177	10	1	28	9422	0	0
1.77	2	1	178	1	1	28	9422	0	0
1.775	2	1	178	6	1	28	9422	0	0
1.776	2	1	178	7	1	28	9422	0	0
1.777	2	1	178	8	1	28	9422	0	0
1.778	2	1	178	9	1	28	9422	0	0
1.779	2	1	178	10	1	28	9422	0	0
1.78	2	1	179	1	1	28	9422	0	0
1.781	2	1	179	2	1	28	9422	0	0
1.782	2	1	179	3	1	28	9422	0	0
1.783	2	1	179	4	1	28	9422	0	0
1.784	2	1	179	5	1	28	9422	0	0
1.785	1	1	179	6	1	28	9422	0	0
1.785	2	1	179	6	1	28	9422	0	0
1.786	2	1	179	7	1	28	9422	0	0
1.787	2	1	179	8	1	28	9422	0	0
1.788	2	1	179	9	1	28	9422	0	0
1.789	2	1	179	10	1	28	9422	0	0
1.79	2	1	180	1	1	28	9422	0	0
1.791	2	1	180	2	1	28	9422	0	0
1.792	2	1	180	3	1	28	9422	0	0
1.793	2	1	180	4	1	28	9422	0	0
1.794	2	1	180	5	1	28	9422	0	0
1.795	2	1	180	6	1	28	9422	0	0
1.796	1	1	180	7	1	28	9422	0	0
1.796	2	1	180	7	1	28	9422	0	0
1.801	2	1	181	2	1	28	9422	0	0
1.802	2	1	181	3	1	28	9422	0	0
1.803	2	1	181	4	1	28	9422	0	0
1.804	2	1	181	5	1	28	9422	0	0
1.805	2	1	181	6	1	28	9422	0	0
1.806	2	1	181	7	1	28	9422	0	0
1.807	2	1	181	8	1	28	9422	0	0
1.808	2	1	181	9	1	28	9422	0	0
1.813	2	1	182	4	1	28	9422	0	0
1.814	2	1	182	5	1	28	9422	0	0
1.815	2	1	182	6	1	28	9422	0	0
1.816	2	1	182	7	1	28	9422	0	0
1.817	2	1	182	8	1	28	9422	0	0
1.818	2	1	182	9	1	28	9422	0	0
1.819	2	1	182	10	1	28	9422	0	0
1.82	2	1	183	1	1	28	9422	0	0
1.821	2	1	183	2	1	28	9422	0	0
1.822	2	1	183	3	1	28	9422	0	0
1.823	2	1	183	4	1	28	9422	0	0
1.824	2	1	183	5	1	28	9422	0	0
1.825	2	1	183	6	1	28	9422	0	0
1.826	2	1	183	7	1	28	9422	0	0
1.827	2	1	183	8	1	28	9422	0	0
1.828	2	1	183	9	1	28	9422	0	0
1.829	2	1	183	10	1	28	9422	0	0
1.83	2	1	184	1	1	28	9422	0	0
1.831	2	1	184	2	1	28	9422	0	0
1.832	2	1	184	3	1	28	9422	0	0
1.833	1	1	184	4	1	28	9422	0	0
1.833	2	1	184	4	1	28	9422	0	0
1.834	2	1	184	5	1	28	9422	0	0
1.835	2	1	184	6	1	28	9422	0	0
1.836	2	1	184	7	1	28	9422	0	0
1.837	2	1	184	8	1	28	9422	0	0
1.838	2	1	184	9	1	28	9422	0	0
1.839	2	1	184	10	1	28	9422	0	0
1.84	2	1	185	1	1	28	9422	0	0
1.845	2	1	185	6	1	28	9422	0	0
1.846	2	1	185	7	1	28	9422	0	0
1.847	2	1	185	8	1	28	9422	0	0
1.848	2	1	185	9	1	28	9422	0	0
1.849	2	1	185	10	1	28	9422	0	0
1.85	2	1	186	1	1	28	9422	0	0
1.851	2	1	186	2	1	28	9422	0	0
1.852	2	1	186	3	1	28	9422	0	0
1.857	2	1	186	8	1	28	9422	0	0
1.858	2	1	186	9	1	28	9422	0	0
1.859	2	1	186	10	1	28	9422	0	0
1.86	2	1	187	1	1	28	9422	0	0
1.861	2	1	187	2	1	28	9422	0	0
1.862	2	1	187	3	1	28	9422	0	0
1.863	2	1	187	4	1	28	9422	0	0
1.864	2	1	187	5	1	28	9422	0	0
1.865	2	1	187	6	1	28	9422	0	0
1.866	2	1	187	7	1	28	9422	0	0
1.867	1	1	187	8	1	28	9422	0	0
1.867	2	1	187	8	1	28	9422	0	0
1.868	2	1	187	9	1	28	9422	0	0
1.869	2	1	187	10	1	28	9422	0	0
1.87	2	1	188	1	1	28	9422	0	0
1.871	2	1	188	2	1	28	9422	0	0
1.872	2	1	188	3	1	28	9422	0	0
1.873	2	1	188	4	1	28	9422	0	0
1.874	2	1	188	5	1	28	9422	0	0
1.875	2	1	188	6	1	28	9422	0	0
1.876	2	1	188	7	1	28	9422	0	0
1.877	2	1	188	8	1	28	9422	0	0
1.878	1	1	188	9	1	28	9422	0	0
1.878	2	1	188	9	1	28	9422	0	0
1.879	2	1	188	10	1	28	9422	0	0
1.884	2	1	189	5	1	28	9422	0	0
1.885	2	1	189	6	1	28	9422	0	0
1.886	2	1	189	7	1	28	9422	0	0
1.887	2	1	189	8	1	28	9422	0	0
1.888	2	1	189	9	1	28	9422	0	0
1.889	2	1	189	10	1	28	9422	0	0
1.89	2	1	190	1	1	28	9422	0	0
1.891	2	1	190	2	1	28	9422	0	0
1.896	2	1	190	7	1	28	9422	0	0
1.897	2	1	190	8	1	28	9422	0	0
1.898	2	1	190	9	1	28	9422	0	0
1.899	2	1	190	10	1	28	9422	0	0
1.9	2	1	191	1	1	28	9422	0	0
1.901	2	1	191	2	1	28	9422	0	0
1.902	2	1	191	3	1	28	9422	0	0
1.903	2	1	191	4	1	28	9422	0	0
1.904	2	1	191	5	1	28	9422	0	0
1.905	2	1	191	6	1	28	9422	0	0
1.906	1	1	191	7	1	28	9422	0	0
1.906	2	1	191	7	1	28	9422	0	0
1.907	2	1	191	8	1	28	9422	0	0
1.908	2	1	191	9	1	28	9422	0	0
1.909	2	1	191	10	1	28	9422	0	0
1.91	2	1	192	1	1	28	9422	0	0
1.911	2	1	192	2	1	28	9422	0	0
1.912	2	1	192	3	1	28	9422	0	0
1.913	2	1	192	4	1	28	9422	0	0
1.914	2	1	192	5	1	28	9422	0	0
1.915	2	1	192	6	1	28	9422	0	0
1.916	2	1	192	7	1	28	9422	0	0
1.917	1	1	192	8	1	28	9422	0	0
1.917	2	1	192	8	1	28	9422	0	0
1.918	2	1	192	9	1	28	9422	0	0
1.919	2	1	192	10	1	28	9422	0	0
1.92	2	1	193	1	1	28	9422	0	0
1.921	2	1	193	2	1	28	9422	0	0
1.922	2	1	193	3	1	28	9422	0	0
1.923	2	1	193	4	1	28	9422	0	0
1.924	2	1	193	5	1	28	9422	0	0
1.929	2	1	193	10	1	28	9422	0	0
1.93	2	1	194	1	1	28	9422	0	0
1.931	2	1	194	2	1	28	9422	0	0
1.932	2	1	194	3	1	28	9422	0	0
1.933	2	1	194	4	1	28	9422	0	0
1.934	2	1	194	5	1	28	9422	0	0
1.935	2	1	194	6	1	28	9422	0	0
1.936	2	1	194	7	1	28	9422	0	0
1.941	2	1	195	2	1	28	9422	0	0
1.942	2	1	195	3	1	28	9422	0	0
1.943	2	1	195	4	1	28	9422	0	0
1.944	2	1	195	5	1	28	9422	0	0
1.945	2	1	195	6	1	28	9422	0	0
1.946	2	1	195	7	1	28	9422	0	0
1.947	2	1	195	8	1	28	9422	0	0
1.948	2	1	195	9	1	28	9422	0	0
1.949	2	1	195	10	1	28	9422	0	0
1.95	2	1	196	1	1	28	9422	0	0
1.951	1	1	196	2	1	28	9422	0	0
1.951	2	1	196	2	1	28	9422	0	0
1.952	2	1	196	3	1	28	9422	0	0
1.953	2	1	196	4	1	28	9422	0	0
1.954	2	1	196	5	1	28	9422	0	0
1.955	2	1	196	6	1	28	9422	0	0
1.956	2	1	196	7	1	28	9422	0	0
1.957	2	1	196	8	1	28	9422	0	0
1.958	2	1	196	9	1	28	9422	0	0
1.959	2	1	196	10	1	28	9422	0	0
1.96	2	1	197	1	1	28	9422	0	0
1.961	2	1	197	2	1	28	9422	0	0
1.962	1	1	197	3	1	28	9422	0	0
1.962	2	1	197	3	1	28	9422	0	0
1.967	2	1	197	8	1	28	9422	0	0
1.968	2	1	197	9	1	28	9422	0	0
1.969	2	1	197	10	1	28	9422	0	0
1.97	2	1	198	1	1	28	9422	0	0
1.971	2	1	198	2	1	28	9422	0	0
1.972	2	1	198	3	1	28	9422	0	0
1.973	2	1	198	4	1	28	9422	0	0
1.974	2	1	198	5	1	28	9422	0	0
1.979	2	1	198	10	1	28	9422	0	0
1.98	2	1	199	1	1	28	9422	0	0
1.981	2	1	199	2	1	28	9422	0	0
1.982	2	1	199	3	1	28	9422	0	0
1.983	2	1	199	4	1	28	9422	0	0
1.984	2	1	199	5	1	28	9422	0	0
1.985	2	1	199	6	1	28	9422	0	0
1.986	2	1	199	7	1	28	9422	0	0
1.987	2	1	199	8	1	28	9422	0	0
1.988	2	1	199	9	1	28	9422	0	0
1.989	2	1	199	10	1	28	9422	0	0
1.99	2	1	200	1	1	28	9422	0	0
1.991	2	1	200	2	1	28	9422	0	0
1.992	2	1	200	3	1	28	9422	0	0
1.993	2	1	200	4	1	28	9422	0	0
1.994	2	1	200	5	1	28	9422	0	0
1.995	2	1	200	6	1	28	9422	0	0
1.996	2	1	200	7	1	28	9422	0	0
1.997	2	1	200	8	1	28	9422	0	0
1.998	2	1	200	9	1	28	9422	0	0
1.999	1	1	200	10	1	28	9422	0	0
1.999	2	1	200	10	1	28	9422	0	0
2	2	1	201	1	1	28	9422	0	0
2.001	2	1	201	2	1	28	9422	0	0
2.002	2	1	201	3	1	28	9422	0	0
2.003	2	1	201	4	1	28	9422	0	0
2.004	2	1	201	5	1	28	9422	0	0
2.005	2	1	201	6	1	28	9422	0	0
2.006	2	1	201	7	1	28	9422	0	0
2.011	2	1	202	2	1	28	9422	0	0
2.012	2	1	202	3	1	28	9422	0	0
2.013	2	1	202	4	1	28	9422	0	0
2.014	2	1	202	5	1	28	9422	0	0
2.015	2	1	202	6	1	28	9422	0	0
2.016	2	1	202	7	1	28	9422	0	0
2.017	2	1	202	8	1	28	9422	0	0
2.018	2	1	202	9	1	28	9422	0	0
2.023	2	1	203	4	1	28	9422	0	0
2.024	2	1	203	5	1	28	9422	0	0
2.025	2	1	203	6	1	28	9422	0	0
2.026	2	1	203	7	1	28	9422	0	0
2.027	2	1	203	8	1	28	9422	0	0
2.028	2	1	203	9	1	28	9422	0	0
2.029	2	1	203	10	1	28	9422	0	0
2.03	2	1	204	1	1	28	9422	0	0
2.031	2	1	204	2	1	28	9422	0	0
2.032	2	1	204	3	1	28	9422	0	0
2.033	1	1	204	4	1	28	9422	0	0
2.033	2	1	204	4	1	28	9422	0	0
2.034	2	1	204	5	1	28	9422	0	0
2.035	2	1	204	6	1	28	9422	0	0
2.036	2	1	204	7	1	28	9422	0	0
2.037	2	1	204	8	1	28	9422	0	0
2.038	2	1	204	9	1	28	9422	0	0
2.039	2	1	204	10	1	28	9422	0	0
2.04	2	1	205	1	1	28	9422	0	0
2.041	2	1	205	2	1	28	9422	0	0
2.042	2	1	205	3	1	28	9422	0	0
2.043	2	1	205	4	1	28	9422	0	0
2.044	1	1	205	5	1	28	9422	0	0
2.044	2	1	205	5	1	28	9422	0	0
2.045	2	1	205	6	1	28	9422	0	0
2.05	2	1	206	1	1	28	9422	0	0
2.051	2	1	206	2	1	28	9422	0	0
2.052	2	1	206	3	1	28	9422	0	0
2.053	2	1	206	4	1	28	9422	0	0
2.054	2	1	206	5	1	28	9422	0	0
2.055	2	1	206	6	1	28	9422	0	0
2.056	2	1	206	7	1	28	9422	0	0
2.057	2	1	206	8	1	28	9422	0	0
2.062	2	1	207	3	1	28	9422	0	0
2.063	2	1	207	4	1	28	9422	0	0
2.064	2	1	207	5	1	28	9422	0	0
2.065	2	1	207	6	1	28	9422	0	0
2.066	2	1	207	7	1	28	9422	0	0
2.067	2	1	207	8	1	28	9422	0	0
2.068	2	1	207	9	1	28	9422	0	0
2.069	2	1	207	10	1	28	9422	0	0
2.07	2	1	208	1	1	28	9422	0	0
2.071	2	1	208	2	1	28	9422	0	0
2.072	2	1	208	3	1	28	9422	0	0
2.073	2	1	208	4	1	28	9422	0	0
2.074	2	1	208	5	1	28	9422	0	0
2.075	2	1	208	6	1	28	9422	0	0
2.076	2	1	208	7	1	28	9422	0	0
2.077	2	1	208	8	1	28	9422	0	0
2.078	2	1	208	9	1	28	9422	0	0
2.079	2	1	208	10	1	28	9422	0	0
2.08	2	1	209	1	1	28	9422	0	0
2.081	2	1	209	2	1	28	9422	0	0
2.082	2	1	209	3	1	28	9422	0	0
2.083	2	1	209	4	1	28	9422	0	0
2.084	2	1	209	5	1	28	9422	0	0
2.085	2	1	209	6	1	28	9422	0	0
2.086	2	1	209	7	1	28	9422	0	0
2.087	1	1	209	8	1	28	9422	0	0
2.087	2	1	209	8	1	28	9422	0	0
2.088	2	1	209	9	1	28	9422	0	0
2.089	2	1	209	10	1	28	9422	0	0
2.09	2	1	210	1	1	28	9422	0	0
2.091	2	1	210	2	1	28	9422	0	0
2.092	2	1	210	3	1	28	9422	0	0
2.093	2	1	210	4	1	28	9422	0	0
2.094	2	1	210	5	1	28	9422	0	0
2.099	2	1	210	10	1	28	9422	0	0
2.1	2	1	211	1	1	28	9422	0	0
2.101	2	1	211	2	1	28	9422	0	0
2.102	2	1	211	3	1	28	9422	0	0
2.103	2	1	211	4	1	28	9422	0	0
2.104	2	1	211	5	1	28	9422	0	0
2.105	2	1	211	6	1	28	9422	0	0
2.106	2	1	211	7	1	28	9422	0	0
2.111	2	1	212	2	1	28	9422	0	0
2.112	2	1	212	3	1	28	9422	0	0
2.113	2	1	212	4	1	28	9422	0	0
2.114	2	1	212	5	1	28	9422	0	0
2.115	2	1	212	6	1	28	9422	0	0
2.116	2	1	212	7	1	28	9422	0	0
2.117	2	1	212	8	1	28	9422	0	0
2.118	2	1	212	9	1	28	9422	0	0
2.119	2	1	212	10	1	28	9422	0	0
2.12	2	1	213	1	1	28	9422	0	0
2.121	2	1	213	2	1	28	9422	0	0
2.122	2	1	213	3	1	28	9422	0	0
2.123	2	1	213	4	1	28	9422	0	0
2.124	2	1	213	5	1	28	9422	0	0
2.125	2	1	213	6	1	28	9422	0	0
2.126	2	1	213	7	1	28	9422	0	0
2.127	2	1	213	8	1	28	9422	0	0
2.128	1	1	213	9	1	28	9422	0	0
2.128	2	1	213	9	1	28	9422	0	0
2.129	2	1	213	10	1	28	9422	0	0
2.13	2	1	214	1	1	28	9422	0	0
2.131	2	1	214	2	1	28	9422	0	0
2.132	2	1	214	3	1	28	9422	0	0
2.133	2	1	214	4	1	28	9422	0	0
2.134	2	1	214	5	1	28	9422	0	0
2.135	2	1	214	6	1	28	9422	0	0
2.136	2	1	214	7	1	28	9422	0	0
2.141	2	1	215	2	1	28	9422	0	0
2.142	2	1	215	3	1	28	9422	0	0
2.143	2	1	215	4	1	28	9422	0	0
2.144	2	1	215	5	1	28	9422	0	0
2.145	2	1	215	6	1	28	9422	0	0
2.146	2	1	215	7	1	28	9422	0	0
2.147	2	1	215	8	1	28	9422	0	0
2.148	2	1	215	9	1	28	9422	0	0
2.153	2	1	216	4	1	28	9422	0	0
2.154	2	1	216	5	1	28	9422	0	0
2.155	2	1	216	6	1	28	9422	0	0
2.156	2	1	216	7	1	28	9422	0	0
2.157	2	1	216	8	1	28	9422	0	0
2.158	2	1	216	9	1	28	9422	0	0
2.159	2	1	216	10	1	28	9422	0	0
2.16	2	1	217	1	1	28	9422	0	0
2.161	2	1	217	2	1	28	9422	0	0
2.162	2	1	217	3	1	28	9422	0	0
2.163	1	1	217	4	1	28	9422	0	0
2.163	2	1	217	4	1	28	9422	0	0
2.164	2	1	217	5	1	28	9422	0	0
2.165	2	1	217	6	1	28	9422	0	0
2.166	2	1	217	7	1	28	9422	0	0
2.167	2	1	217	8	1	28	9422	0	0
2.168	2	1	217	9	1	28	9422	0	0
2.169	2	1	217	10	1	28	9422	0	0
2.17	2	1	218	1	1	28	9422	0	0
2.171	2	1	218	2	1	28	9422	0	0
2.172	2	1	218	3	1	28	9422	0	0
2.173	2	1	218	4	1	28	9422	0	0
2.174	1	1	218	5	1	28	9422	0	0
2.174	2	1	218	5	1	28	9422	0	0
2.175	2	1	218	6	1	28	9422	0	0
2.176	2	1	218	7	1	28	9422	0	0
2.177	2	1	218	8	1	28	9422	0	0
2.182	2	1	219	3	1	28	9422	0	0
2.183	2	1	219	4	1	28	9422	0	0
2.184	2	1	219	5	1	28	9422	0	0
2.185	2	1	219	6	1	28	9422	0	0
2.186	2	1	219	7	1	28	9422	0	0
2.187	2	1	219	8	1	28	9422	0	0
2.188	2	1	219	9	1	28	9422	0	0
2.189	2	1	219	10	1	28	9422	0	0
2.194	2	1	220	5	1	28	9422	0	0
2.195	2	1	220	6	1	28	9422	0	0
2.196	2	1	220	7	1	28	9422	0	0
2.197	2	1	220	8	1	28	9422	0	0
2.198	2	1	220	9	1	28	9422	0	0
2.199	2	1	220	10	1	28	9422	0	0
2.2	2	1	221	1	1	28	9422	0	0
2.201	2	1	221	2	1	28	9422	0	0
2.202	2	1	221	3	1	28	9422	0	0
2.203	2	1	221	4	1	28	9422	0	0
2.204	2	1	221	5	1	28	9422	0	0
2.205	2	1	221	6	1	28	9422	0	0
2.206	2	1	221	7	1	28	9422	0	0
2.207	2	1	221	8	1	28	9422	0	0
2.208	2	1	221	9	1	28	9422	0	0
2.209	2	1	221	10	1	28	9422	0	0
2.21	2	1	222	1	1	28	9422	0	0
2.211	2	1	222	2	1	28	9422	0	0
2.212	2	1	222	3	1	28	9422	0	0
2.213	2	1	222	4	1	28	9422	0	0
2.214	2	1	222	5	1	28	9422	0	0
2.215	2	1	222	6	1	28	9422	0	0
2.216	2	1	222	7	1	28	9422	0	0
2.217	2	1	222	8	1	28	9422	0	0
2.218	1	1	222	9	1	28	9422	0	0
2.218	2	1	222	9	1	28	9422	0	0
2.219	2	1	222	10	1	28	9422	0	0
2.22	2	1	223	1	1	28	9422	0	0
2.221	2	1	223	2	1	28	9422	0	0
2.222	2	1	223	3	1	28	9422	0	0
2.223	2	1	223	4	1	28	9422	0	0
2.228	2	1	223	9	1	28	9422	0	0
2.229	2	1	223	10	1	28	9422	0	0
2.23	2	1	224	1	1	28	9422	0	0
2.231	2	1	224	2	1	28	9422	0	0
2.232	2	1	224	3	1	28	9422	0	0
2.233	2	1	224	4	1	28	9422	0	0
2.234	2	1	224	5	1	28	9422	0	0
2.235	2	1	224	6	1	28	9422	0	0
2.24	2	1	225	1	1	28	9422	0	0
2.241	2	1	225	2	1	28	9422	0	0
2.242	2	1	225	3	1	28	9422	0	0
2.243	2	1	225	4	1	28	9422	0	0
2.244	2	1	225	5	1	28	9422	0	0
2.245	2	1	225	6	1	28	9422	0	0
2.246	2	1	225	7	1	28	9422	0	0
2.247	2	1	225	8	1	28	9422	0	0
2.248	2	1	225	9	1	28	9422	0	0
2.249	2	1	225	10	1	28	9422	0	0
2.25	1	1	226	1	1	28	9422	0	0
2.25	2	1	226	1	1	28	9422	0	0
2.251	2	1	226	2	1	28	9422	0	0
2.252	2	1	226	3	1	28	9422	0	0
2.253	2	1	226	4	1	28	9422	0	0
2.254	2	1	226	5	1	28	9422	0	0
2.255	2	1	226	6	1	28	9422	0	0
2.256	2	1	226	7	1	28	9422	0	0
2.257	2	1	226	8	1	28	9422	0	0
2.258	2	1	226	9	1	28	9422	0	0
2.259	2	1	226	10	1	28	9422	0	0
2.26	2	1	227	1	1	28	9422	0	0
2.261	2	1	227	2	1	28	9422	0	0
2.262	2	1	227	3	1	28	9422	0	0
2.263	2	1	227	4	1	28	9422	0	0
2.264	2	1	227	5	1	28	9422	0	0
2.265	1	1	227	6	1	28	9422	0	0
2.265	2	1	227	6	1	28	9422	0	0
2.266	2	1	227	7	1	28	9422	0	0
2.267	2	1	227	8	1	28	9422	0	0
2.268	2	1	227	9	1	28	9422	0	0
2.269	2	1	227	10	1	28	9422	0	0
2.27	2	1	228	1	1	28	9422	0	0
2.271	2	1	228	2	1	28	9422	0	0
2.272	2	1	228	3	1	28	9422	0	0
2.277	2	1	228	8	1	28	9422	0	0
2.278	2	1	228	9	1	28	9422	0	0
2.279	2	1	228	10	1	28	9422	0	0
2.28	2	1	229	1	1	28	9422	0	0
2.281	2	1	229	2	1	28	9422	0	0
2.282	2	1	229	3	1	28	9422	0	0
2.283	2	1	229	4	1	28	9422	0	0
2.284	2	1	229	5	1	28	9422	0	0
2.289	2	1	229	10	1	28	9422	0	0
2.29	2	1	230	1	1	28	9422	0	0
2.291	2	1	230	2	1	28	9422	0	0
2.292	2	1	230	3	1	28	9422	0	0
2.293	2	1	230	4	1	28	9422	0	0
2.294	2	1	230	5	1	28	9422	0	0
2.295	2	1	230	6	1	28	9422	0	0
2.296	2	1	230	7	1	28	9422	0	0
2.297	2	1	230	8	1	28	9422	0	0
2.298	2	1	230	9	1	28	9422	0	0
2.299	1	1	230	10	1	28	9422	0	0
2.299	2	1	230	10	1	28	9422	0	0
2.3	2	1	231	1	1	28	9422	0	0
2.301	2	1	231	2	1	28	9422	0	0
2.302	2	1	231	3	1	28	9422	0	0
2.303	2	1	231	4	1	28	9422	0	0
2.304	2	1	231	5	1	28	9422	0	0
2.305	2	1	231	6	1	28	9422	0	0
2.306	2	1	231	7	1	28	9422	0	0
2.307	2	1	231	8	1	28	9422	0	0
2.308	2	1	231	9	1	28	9422	0	0
2.309	2	1	231	10	1	28	9422	0	0
2.314	2	1	232	5	1	28	9422	0	0
2.315	2	1	232	6	1	28	9422	0	0
2.316	2	1	232	7	1	28	9422	0	0
2.317	2	1	232	8	1	28	9422	0	0
2.318	2	1	232	9	1	28	9422	0	0
2.319	2	1	232	10	1	28	9422	0	0
2.32	2	1	233	1	1	28	9422	0	0
2.321	2	1	233	2	1	28	9422	0	0
2.326	2	1	233	7	1	28	9422	0	0
2.327	2	1	233	8	1	28	9422	0	0
2.328	2	1	233	9	1	28	9422	0	0
2.329	2	1	233	10	1	28	9422	0	0
2.33	2	1	234	1	1	28	9422	0	0
2.331	2	1	234	2	1	28	9422	0	0
2.332	2	1	234	3	1	28	9422	0	0
2.333	2	1	234	4	1	28	9422	0	0
2.334	2	1	234	5	1	28	9422	0	0
2.335	2	1	234	6	1	28	9422	0	0
2.336	1	1	234	7	1	28	9422	0	0
2.336	2	1	234	7	1	28	9422	0	0
2.337	2	1	234	8	1	28	9422	0	0
2.338	2	1	234	9	1	28	9422	0	0
2.339	2	1	234	10	1	28	9422	0	0
2.34	2	1	235	1	1	28	9422	0	0
2.341	2	1	235	2	1	28	9422	0	0
2.342	2	1	235	3	1	28	9422	0	0
2.343	2	1	235	4	1	28	9422	0	0
2.344	2	1	235	5	1	28	9422	0	0
2.345	2	1	235	6	1	28	9422	0	0
2.346	2	1	235	7	1	28	9422	0	0
2.347	1	1	235	8	1	28	9422	0	0
2.347	2	1	235	8	1	28	9422	0	0
2.348	2	1	235	9	1	28	9422	0	0
2.353	2	1	236	4	1	28	9422	0	0
2.354	2	1	236	5	1	28	9422	0	0
2.355	2	1	236	6	1	28	9422	0	0
2.356	2	1	236	7	1	28	9422	0	0
2.357	2	1	236	8	1	28	9422	0	0
2.358	2	1	236	9	1	28	9422	0	0
2.359	2	1	236	10	1	28	9422	0	0
2.36	2	1	237	1	1	28	9422	0	0
2.365	2	1	237	6	1	28	9422	0	0
2.366	2	1	237	7	1	28	9422	0	0
2.367	2	1	237	8	1	28	9422	0	0
2.368	2	1	237	9	1	28	9422	0	0
2.369	2	1	237	10	1	28	9422	0	0
2.37	2	1	238	1	1	28	9422	0	0
2.371	2	1	238	2	1	28	9422	0	0
2.372	2	1	238	3	1	28	9422	0	0
2.373	2	1	238	4	1	28	9422	0	0
2.374	2	1	238	5	1	28	9422	0	0
2.375	1	1	238	6	1	28	9422	0	0
2.375	2	1	238	6	1	28	9422	0	0
2.376	2	1	238	7	1	28	9422	0	0
2.377	2	1	238	8	1	28	9422	0	0
2.378	2	1	238	9	1	28	9422	0	0
2.379	2	1	238	10	1	28	9422	0	0
2.38	2	1	239	1	1	28	9422	0	0
2.381	2	1	239	2	1	28	9422	0	0
2.382	2	1	239	3	1	28	9422	0	0
2.383	2	1	239	4	1	28	9422	0	0
2.384	2	1	239	5	1	28	9422	0	0
2.385	2	1	239	6	1	28	9422	0	0
2.386	1	1	239	7	1	28	9422	0	0
2.386	2	1	239	7	1	28	9422	0	0
2.387	2	1	239	8	1	28	9422	0	0
2.392	2	1	240	3	1	28	9422	0	0
2.393	2	1	240	4	1	28	9422	0	0
2.394	2	1	240	5	1	28	9422	0	0
2.395	2	1	240	6	1	28	9422	0	0
2.396	2	1	240	7	1	28	9422	0	0
2.397	2	1	240	8	1	28	9422	0	0
2.398	2	1	240	9	1	28	9422	0	0
2.399	2	1	240	10	1	28	9422	0	0
2.403	2	1	241	4	1	28	9422	0	0
2.404	2	1	241	5	1	28	9422	0	0
2.405	2	1	241	6	1	28	9422	0	0
2.406	2	1	241	7	1	28	9422	0	0
2.407	2	1	241	8	1	28	9422	0	0
2.408	2	1	241	9	1	28	9422	0	0
2.409	2	1	241	10	1	28	9422	0	0
2.41	2	1	242	1	1	28	9422	0	0
2.411	2	1	242	2	1	28	9422	0	0
2.412	1	1	242	3	1	28	9422	0	0
2.412	2	1	242	3	1	28	9422	0	0
2.413	2	1	242	4	1	28	9422	0	0
2.414	2	1	242	5	1	28	9422	0	0
2.415	2	1	242	6	1	28	9422	0	0
2.416	2	1	242	7	1	28	9422	0	0
2.417	2	1	242	8	1	28	9422	0	0
2.418	2	1	242	9	1	28	9422	0	0
2.419	2	1	242	10	1	28	9422	0	0
2.42	2	1	243	1	1	28	9422	0	0
2.421	2	1	243	2	1	28	9422	0	0
2.422	2	1	243	3	1	28	9422	0	0
2.427	2	1	243	8	1	28	9422	0	0
2.428	2	1	243	9	1	28	9422	0	0
2.429	2	1	243	10	1	28	9422	0	0
2.43	2	1	244	1	1	28	9422	0	0
2.431	2	1	244	2	1	28	9422	0	0
2.432	2	1	244	3	1	28	9422	0	0
2.433	2	1	244	4	1	28	9422	0	0
2.434	2	1	244	5	1	28	9422	0	0
2.439	2	1	244	10	1	28	9422	0	0
2.44	2	1	245	1	1	28	9422	0	0
2.441	2	1	245	2	1	28	9422	0	0
2.442	2	1	245	3	1	28	9422	0	0
2.443	2	1	245	4	1	28	9422	0	0
2.444	2	1	245	5	1	28	9422	0	0
2.445	2	1	245	6	1	28	9422	0	0
2.446	2	1	245	7	1	28	9422	0	0
2.447	2	1	245	8	1	28	9422	0	0
2.448	1	1	245	9	1	28	9422	0	0
2.448	2	1	245	9	1	28	9422	0	0
2.449	2	1	245	10	1	28	9422	0	0
2.45	2	1	246	1	1	28	9422	0	0
2.451	2	1	246	2	1	28	9422	0	0
2.452	2	1	246	3	1	28	9422	0	0
2.453	2	1	246	4	1	28	9422	0	0
2.454	2	1	246	5	1	28	9422	0	0
2.455	2	1	246	6	1	28	9422	0	0
2.456	2	1	246	7	1	28	9422	0	0
2.457	2	1	246	8	1	28	9422	0	0
2.458	2	1	246	9	1	28	9422	0	0
2.459	1	1	246	10	1	28	9422	0	0
2.459	2	1	246	10	1	28	9422	0	0
2.464	2	1	247	5	1	28	9422	0	0
2.465	2	1	247	6	1	28	9422	0	0
2.466	2	1	247	7	1	28	9422	0	0
2.467	2	1	247	8	1	28	9422	0	0
2.468	2	1	247	9	1	28	9422	0	0
2.469	2	1	247	10	1	28	9422	0	0
2.47	2	1	248	1	1	28	9422	0	0
2.471	2	1	248	2	1	28	9422	0	0
2.475	2	1	248	6	1	28	9422	0	0
2.476	2	1	248	7	1	28	9422	0	0
2.477	2	1	248	8	1	28	9422	0	0
2.478	2	1	248	9	1	28	9422	0	0
2.479	2	1	248	10	1	28	9422	0	0
2.48	2	1	249	1	1	28	9422	0	0
2.481	2	1	249	2	1	28	9422	0	0
2.482	2	1	249	3	1	28	9422	0	0
2.483	2	1	249	4	1	28	9422	0	0
2.484	1	1	249	5	1	28	9422	0	0
2.484	2	1	249	5	1	28	9422	0	0
2.485	2	1	249	6	1	28	9422	0	0
2.486	2	1	249	7	1	28	9422	0	0
2.487	2	1	249	8	1	28	9422	0	0
2.488	2	1	249	9	1	28	9422	0	0
2.489	2	1	249	10	1	28	9422	0	0
2.49	2	1	250	1	1	28	9422	0	0
2.491	2	1	250	2	1	28	9422	0	0
2.492	2	1	250	3	1	28	9422	0	0
2.493	2	1	250	4	1	28	9422	0	0
2.494	2	1	250	5	1	28	9422	0	0
2.499	2	1	250	10	1	28	9422	0	0
2.5	2	1	251	1	1	28	9422	0	0
2.501	2	1	251	2	1	28	9422	0	0
2.502	2	1	251	3	1	28	9422	0	0
2.503	2	1	251	4	1	28	9422	0	0
2.504	2	1	251	5	1	28	9422	0	0
2.505	2	1	251	6	1	28	9422	0	0
2.506	2	1	251	7	1	28	9422	0	0
2.511	2	1	252	2	1	28	9422	0	0
2.512	2	1	252	3	1	28	9422	0	0
2.513	2	1	252	4	1	28	9422	0	0
2.514	2	1	252	5	1	28	9422	0	0
2.515	2	1	252	6	1	28	9422	0	0
2.516	2	1	252	7	1	28	9422	0	0
2.517	2	1	252	8	1	28	9422	0	0
2.518	2	1	252	9	1	28	9422	0	0
2.519	2	1	252	10	1	28	9422	0	0
2.52	1	1	253	1	1	28	9422	0	0
2.52	2	1	253	1	1	28	9422	0	0
2.521	2	1	253	2	1	28	9422	0	0
2.522	2	1	253	3	1	28	9422	0	0
2.523	2	1	253	4	1	28	9422	0	0
2.524	2	1	253	5	1	28	9422	0	0
2.525	2	1	253	6	1	28	9422	0	0
2.526	2	1	253	7	1	28	9422	0	0
2.527	2	1	253	8	1	28	9422	0	0
2.528	2	1	253	9	1	28	9422	0	0
2.529	2	1	253	10	1	28	9422	0	0
2.53	2	1	254	1	1	28	9422	0	0
2.531	1	1	254	2	1	28	9422	0	0
2.531	2	1	254	2	1	28	9422	0	0
2.536	2	1	254	7	1	28	9422	0	0
2.537	2	1	254	8	1	28	9422	0	0
2.538	2	1	254	9	1	28	9422	0	0
2.539	2	1	254	10	1	28	9422	0	0
2.54	2	1	255	1	1	28	9422	0	0
2.541	2	1	255	2	1	28	9422	0	0
2.542	2	1	255	3	1	28	9422	0	0
2.543	2	1	255	4	1	28	9422	0	0
2.547	2	1	255	8	1	28	9422	0	0
2.548	2	1	255	9	1	28	9422	0	0
2.549	2	1	255	10	1	28	9422	0	0
2.55	2	1	256	1	1	28	9422	0	0
2.551	2	1	256	2	1	28	9422	0	0
2.552	2	1	256	3	1	28	9422	0	0
2.553	2	1	256	4	1	28	9422	0	0
2.554	2	1	256	5	1	28	9422	0	0
2.555	2	1	256	6	1	28	9422	0	0
2.556	1	1	256	7	1	28	9422	0	0
2.556	2	1	256	7	1	28	9422	0	0
2.557	2	1	256	8	1	28	9422	0	0
2.558	2	1	256	9	1	28	9422	0	0
2.559	2	1	256	10	1	28	9422	0	0
2.56	2	1	257	1	1	28	9422	0	0
2.561	2	1	257	2	1	28	9422	0	0
2.562	2	1	257	3	1	28	9422	0	0
2.563	2	1	257	4	1	28	9422	0	0
2.564	2	1	257	5	1	28	9422	0	0
2.565	2	1	257	6	1	28	9422	0	0
2.566	2	1	257	7	1	28	9422	0	0
2.571	2	1	258	2	1	28	9422	0	0
2.572	2	1	258	3	1	28	9422	0	0
2.573	2	1	258	4	1	28	9422	0	0
2.574	2	1	258	5	1	28	9422	0	0
2.575	2	1	258	6	1	28	9422	0	0
2.576	2	1	258	7	1	28	9422	0	0
2.577	2	1	258	8	1	28	9422	0	0
2.578	2	1	258	9	1	28	9422	0	0
2.583	2	1	259	4	1	28	9422	0	0
2.584	2	1	259	5	1	28	9422	0	0
2.585	2	1	259	6	1	28	9422	0	0
2.586	2	1	259	7	1	28	9422	0	0
2.587	2	1	259	8	1	28	9422	0	0
2.588	2	1	259	9	1	28	9422	0	0
2.589	2	1	259	10	1	28	9422	0	0
2.59	2	1	260	1	1	28	9422	0	0
2.591	2	1	260	2	1	28	9422	0	0
2.592	1	1	260	3	1	28	9422	0	0
2.592	2	1	260	3	1	28	9422	0	0
2.593	2	1	260	4	1	28	9422	0	0
2.594	2	1	260	5	1	28	9422	0	0
2.595	2	1	260	6	1	28	9422	0	0
2.596	2	1	260	7	1	28	9422	0	0
2.597	2	1	260	8	1	28	9422	0	0
2.598	2	1	260	9	1	28	9422	0	0
2.599	2	1	260	10	1	28	9422	0	0
2.6	2	1	261	1	1	28	9422	0	0
2.601	2	1	261	2	1	28	9422	0	0
2.602	2	1	261	3	1	28	9422	0	0
2.603	1	1	261	4	1	28	9422	0	0
2.603	2	1	261	4	1	28	9422	0	0
2.608	2	1	261	9	1	28	9422	0	0
2.609	2	1	261	10	1	28	9422	0	0
2.61	2	1	262	1	1	28	9422	0	0
2.611	2	1	262	2	1	28	9422	0	0
2.612	2	1	262	3	1	28	9422	0	0
2.613	2	1	262	4	1	28	9422	0	0
2.614	2	1	262	5	1	28	9422	0	0
2.615	2	1	262	6	1	28	9422	0	0
2.619	2	1	262	10	1	28	9422	0	0
2.62	2	1	263	1	1	28	9422	0	0
2.621	2	1	263	2	1	28	9422	0	0
2.622	2	1	263	3	1	28	9422	0	0
2.623	2	1	263	4	1	28	9422	0	0
2.624	2	1	263	5	1	28	9422	0	0
2.625	2	1	263	6	1	28	9422	0	0
2.626	2	1	263	7	1	28	9422	0	0
2.627	2	1	263	8	1	28	9422	0	0
2.628	1	1	263	9	1	28	9422	0	0
2.628	2	1	263	9	1	28	9422	0	0
2.629	2	1	263	10	1	28	9422	0	0
2.63	2	1	264	1	1	28	9422	0	0
2.631	2	1	264	2	1	28	9422	0	0
2.632	2	1	264	3	1	28	9422	0	0
2.633	2	1	264	4	1	28	9422	0	0
2.634	2	1	264	5	1	28	9422	0	0
2.635	2	1	264	6	1	28	9422	0	0
2.636	2	1	264	7	1	28	9422	0	0
2.637	2	1	264	8	1	28	9422	0	0
2.638	2	1	264	9	1	28	9422	0	0
2.643	2	1	265	4	1	28	9422	0	0
2.644	2	1	265	5	1	28	9422	0	0
2.645	2	1	265	6	1	28	9422	0	0
2.646	2	1	265	7	1	28	9422	0	0
2.647	2	1	265	8	1	28	9422	0	0
2.648	2	1	265	9	1	28	9422	0	0
2.649	2	1	265	10	1	28	9422	0	0
2.65	2	1	266	1	1	28	9422	0	0
2.655	2	1	266	6	1	28	9422	0	0
2.656	2	1	266	7	1	28	9422	0	0
2.657	2	1	266	8	1	28	9422	0	0
2.658	2	1	266	9	1	28	9422	0	0
2.659	2	1	266	10	1	28	9422	0	0
2.66	2	1	267	1	1	28	9422	0	0
2.661	2	1	267	2	1	28	9422	0	0
2.662	2	1	267	3	1	28	9422	0	0
2.663	2	1	267	4	1	28	9422	0	0
2.664	1	1	267	5	1	28	9422	0	0
2.664	2	1	267	5	1	28	9422	0	0
2.665	2	1	267	6	1	28	9422	0	0
2.666	2	1	267	7	1	28	9422	0	0
2.667	2	1	267	8	1	28	9422	0	0
2.668	2	1	267	9	1	28	9422	0	0
2.669	2	1	267	10	1	28	9422	0	0
2.67	2	1	268	1	1	28	9422	0	0
2.671	2	1	268	2	1	28	9422	0	0
2.672	2	1	268	3	1	28	9422	0	0
2.673	2	1	268	4	1	28	9422	0	0
2.674	2	1	268	5	1	28	9422	0	0
2.675	1	1	268	6	1	28	9422	0	0
2.675	2	1	268	6	1	28	9422	0	0
2.68	2	1	269	1	1	28	9422	0	0
2.681	2	1	269	2	1	28	9422	0	0
2.682	2	1	269	3	1	28	9422	0	0
2.683	2	1	269	4	1	28	9422	0	0
2.684	2	1	269	5	1	28	9422	0	0
2.685	2	1	269	6	1	28	9422	0	0
2.686	2	1	269	7	1	28	9422	0	0
2.687	2	1	269	8	1	28	9422	0	0
2.691	2	1	270	2	1	28	9422	0	0
2.692	2	1	270	3	1	28	9422	0	0
2.693	2	1	270	4	1	28	9422	0	0
2.694	2	1	270	5	1	28	9422	0	0
2.695	2	1	270	6	1	28	9422	0	0
2.696	2	1	270	7	1	28	9422	0	0
2.697	2	1	270	8	1	28	9422	0	0
2.698	2	1	270	9	1	28	9422	0	0
2.699	2	1	270	10	1	28	9422	0	0
2.7	1	1	271	1	1	28	9422	0	0
2.7	2	1	271	1	1	28	9422	0	0
2.701	2	1	271	2	1	28	9422	0	0
2.702	2	1	271	3	1	28	9422	0	0
2.703	2	1	271	4	1	28	9422	0	0
2.704	2	1	271	5	1	28	9422	0	0
2.705	2	1	271	6	1	28	9422	0	0
2.706	2	1	271	7	1	28	9422	0	0
2.707	2	1	271	8	1	28	9422	0	0
2.708	2	1	271	9	1	28	9422	0	0
2.709	2	1	271	10	1	28	9422	0	0
2.71	2	1	272	1	1	28	9422	0	0
2.715	2	1	272	6	1	28	9422	0	0
2.716	2	1	272	7	1	28	9422	0	0
2.717	2	1	272	8	1	28	9422	0	0
2.718	2	1	272	9	1	28	9422	0	0
2.719	2	1	272	10	1	28	9422	0	0
2.72	2	1	273	1	1	28	9422	0	0
2.721	2	1	273	2	1	28	9422	0	0
2.722	2	1	273	3	1	28	9422	0	0
2.727	2	1	273	8	1	28	9422	0	0
2.728	2	1	273	9	1	28	9422	0	0
2.729	2	1	273	10	1	28	9422	0	0
2.73	2	1	274	1	1	28	9422	0	0
2.731	2	1	274	2	1	28	9422	0	0
2.732	2	1	274	3	1	28	9422	0	0
2.733	2	1	274	4	1	28	9422	0	0
2.734	2	1	274	5	1	28	9422	0	0
2.735	2	1	274	6	1	28	9422	0	0
2.736	1	1	274	7	1	28	9422	0	0
2.736	2	1	274	7	1	28	9422	0	0
2.737	2	1	274	8	1	28	9422	0	0
2.738	2	1	274	9	1	28	9422	0	0
2.739	2	1	274	10	1	28	9422	0	0
2.74	2	1	275	1	1	28	9422	0	0
2.741	2	1	275	2	1	28	9422	0	0
2.742	2	1	275	3	1	28	9422	0	0
2.743	2	1	275	4	1	28	9422	0	0
2.744	2	1	275	5	1	28	9422	0	0
2.745	2	1	275	6	1	28	9422	0	0
2.746	2	1	275	7	1	28	9422	0	0
2.747	1	1	275	8	1	28	9422	0	0
2.747	2	1	275	8	1	28	9422	0	0
2.752	2	1	276	3	1	28	9422	0	0
2.753	2	1	276	4	1	28	9422	0	0
2.754	2	1	276	5	1	28	9422	0	0
2.755	2	1	276	6	1	28	9422	0	0
2.756	2	1	276	7	1	28	9422	0	0
2.757	2	1	276	8	1	28	9422	0	0
2.758	2	1	276	9	1	28	9422	0	0
2.759	2	1	276	10	1	28	9422	0	0
2.763	2	1	277	4	1	28	9422	0	0
2.764	2	1	277	5	1	28	9422	0	0
2.765	2	1	277	6	1	28	9422	0	0
2.766	2	1	277	7	1	28	9422	0	0
2.767	2	1	277	8	1	28	9422	0	0
2.768	2	1	277	9	1	28	9422	0	0
2.769	2	1	277	10	1	28	9422	0	0
2.77	2	1	278	1	1	28	9422	0	0
2.771	2	1	278	2	1	28	9422	0	0
2.772	1	1	278	3	1	28	9422	0	0
2.772	2	1	278	3	1	28	9422	0	0
2.773	2	1	278	4	1	28	9422	0	0
2.774	2	1	278	5	1	28	9422	0	0
2.775	2	1	278	6	1	28	9422	0	0
2.776	2	1	278	7	1	28	9422	0	0
2.777	2	1	278	8	1	28	9422	0	0
2.778	2	1	278	9	1	28	9422	0	0
2.779	2	1	278	10	1	28	9422	0	0
2.78	2	1	279	1	1	28	9422	0	0
2.781	2	1	279	2	1	28	9422	0	0
2.782	2	1	279	3	1	28	9422	0	0
2.787	2	1	279	8	1	28	9422	0	0
2.788	2	1	279	9	1	28	9422	0	0
2.789	2	1	279	10	1	28	9422	0	0
2.79	2	1	280	1	1	28	9422	0	0
2.791	2	1	280	2	1	28	9422	0	0
2.792	2	1	280	3	1	28	9422	0	0
2.793	2	1	280	4	1	28	9422	0	0
2.794	2	1	280	5	1	28	9422	0	0
2.799	2	1	280	10	1	28	9422	0	0
2.8	2	1	281	1	1	28	9422	0	0
2.801	2	1	281	2	1	28	9422	0	0
2.802	2	1	281	3	1	28	9422	0	0
2.803	2	1	281	4	1	28	9422	0	0
2.804	2	1	281	5	1	28	9422	0	0
2.805	2	1	281	6	1	28	9422	0	0
2.806	2	1	281	7	1	28	9422	0	0
2.807	2	1	281	8	1	28	9422	0	0
2.808	1	1	281	9	1	28	9422	0	0
2.808	2	1	281	9	1	28	9422	0	0
2.809	2	1	281	10	1	28	9422	0	0
2.81	2	1	282	1	1	28	9422	0	0
2.811	2	1	282	2	1	28	9422	0	0
2.812	2	1	282	3	1	28	9422	0	0
2.813	2	1	282	4	1	28	9422	0	0
2.814	2	1	282	5	1	28	9422	0	0
2.815	2	1	282	6	1	28	9422	0	0
2.816	2	1	282	7	1	28	9422	0	0
2.817	2	1	282	8	1	28	9422	0	0
2.818	2	1	282	9	1	28	9422	0	0
2.819	1	1	282	10	1	28	9422	0	0
2.819	2	1	282	10	1	28	9422	0	0
2.824	2	1	283	5	1	28	9422	0	0
2.825	2	1	283	6	1	28	9422	0	0
2.826	2	1	283	7	1	28	9422	0	0
2.827	2	1	283	8	1	28	9422	0	0
2.828	2	1	283	9	1	28	9422	0	0
2.829	2	1	283	10	1	28	9422	0	0
2.83	2	1	284	1	1	28	9422	0	0
2.831	2	1	284	2	1	28	9422	0	0
2.835	2	1	284	6	1	28	9422	0	0
2.836	2	1	284	7	1	28	9422	0	0
2.837	2	1	284	8	1	28	9422	0	0
2.838	2	1	284	9	1	28	9422	0	0
2.839	2	1	284	10	1	28	9422	0	0
2.84	2	1	285	1	1	28	9422	0	0
2.841	2	1	285	2	1	28	9422	0	0
2.842	2	1	285	3	1	28	9422	0	0
2.843	2	1	285	4	1	28	9422	0	0
2.844	1	1	285	5	1	28	9422	0	0
2.844	2	1	285	5	1	28	9422	0	0
2.845	2	1	285	6	1	28	9422	0	0
2.846	2	1	285	7	1	28	9422	0	0
2.847	2	1	285	8	1	28	9422	0	0
2.848	2	1	285	9	1	28	9422	0	0
2.849	2	1	285	10	1	28	9422	0	0
2.85	2	1	286	1	1	28	9422	0	0
2.851	2	1	286	2	1	28	9422	0	0
2.852	2	1	286	3	1	28	9422	0	0
2.853	2	1	286	4	1	28	9422	0	0
2.854	2	1	286	5	1	28	9422	0	0
2.859	2	1	286	10	1	28	9422	0	0
2.86	2	1	287	1	1	28	9422	0	0
2.861	2	1	287	2	1	28	9422	0	0
2.862	2	1	287	3	1	28	9422	0	0
2.863	2	1	287	4	1	28	9422	0	0
2.864	2	1	287	5	1	28	9422	0	0
2.865	2	1	287	6	1	28	9422	0	0
2.866	2	1	287	7	1	28	9422	0	0
2.871	2	1	288	2	1	28	9422	0	0
2.872	2	1	288	3	1	28	9422	0	0
2.873	2	1	288	4	1	28	9422	0	0
2.874	2	1	288	5	1	28	9422	0	0
2.875	2	1	288	6	1	28	9422	0	0
2.876	2	1	288	7	1	28	9422	0	0
2.877	2	1	288	8	1	28	9422	0	0
2.878	2	1	288	9	1	28	9422	0	0
2.879	2	1	288	10	1	28	9422	0	0
2.88	1	1	289	1	1	28	9422	0	0
2.88	2	1	289	1	1	28	9422	0	0
2.881	2	1	289	2	1	28	9422	0	0
2.882	2	1	289	3	1	28	9422	0	0
2.883	2	1	289	4	1	28	9422	0	0
2.884	2	1	289	5	1	28	9422	0	0
2.885	2	1	289	6	1	28	9422	0	0
2.886	2	1	289	7	1	28	9422	0	0
2.887	2	1	289	8	1	28	9422	0	0
2.888	2	1	289	9	1	28	9422	0	0
2.889	2	1	289	10	1	28	9422	0	0
2.89	2	1	290	1	1	28	9422	0	0
2.891	1	1	290	2	1	28	9422	0	0
2.891	2	1	290	2	1	28	9422	0	0
2.896	2	1	290	7	1	28	9422	0	0
2.897	2	1	290	8	1	28	9422	0	0
2.898	2	1	290	9	1	28	9422	0	0
2.899	2	1	290	10	1	28	9422	0	0
2.9	2	1	291	1	1	28	9422	0	0
2.901	2	1	291	2	1	28	9422	0	0
2.902	2	1	291	3	1	28	9422	0	0
2.903	2	1	291	4	1	28	9422	0	0
2.907	2	1	291	8	1	28	9422	0	0
2.908	2	1	291	9	1	28	9422	0	0
2.909	2	1	291	10	1	28	9422	0	0
2.91	2	1	292	1	1	28	9422	0	0
2.911	2	1	292	2	1	28	9422	0	0
2.912	2	1	292	3	1	28	9422	0	0
2.913	2	1	292	4	1	28	9422	0	0
2.914	2	1	292	5	1	28	9422	0	0
2.915	2	1	292	6	1	28	9422	0	0
2.916	1	1	292	7	1	28	9422	0	0
2.916	2	1	292	7	1	28	9422	0	0
2.917	2	1	292	8	1	28	9422	0	0
2.918	2	1	292	9	1	28	9422	0	0
2.919	2	1	292	10	1	28	9422	0	0
2.92	2	1	293	1	1	28	9422	0	0
2.921	2	1	293	2	1	28	9422	0	0
2.922	2	1	293	3	1	28	9422	0	0
2.923	2	1	293	4	1	28	9422	0	0
2.924	2	1	293	5	1	28	9422	0	0
2.925	2	1	293	6	1	28	9422	0	0
2.926	2	1	293	7	1	28	9422	0	0
2.931	2	1	294	2	1	28	9422	0	0
2.932	2	1	294	3	1	28	9422	0	0
2.933	2	1	294	4	1	28	9422	0	0
2.934	2	1	294	5	1	28	9422	0	0
2.935	2	1	294	6	1	28	9422	0	0
2.936	2	1	294	7	1	28	9422	0	0
2.937	2	1	294	8	1	28	9422	0	0
2.938	2	1	294	9	1	28	9422	0	0
2.943	2	1	295	4	1	28	9422	0	0
2.944	2	1	295	5	1	28	9422	0	0
2.945	2	1	295	6	1	28	9422	0	0
2.946	2	1	295	7	1	28	9422	0	0
2.947	2	1	295	8	1	28	9422	0	0
2.948	2	1	295	9	1	28	9422	0	0
2.949	2	1	295	10	1	28	9422	0	0
2.95	2	1	296	1	1	28	9422	0	0
2.951	2	1	296	2	1	28	9422	0	0
2.952	1	1	296	3	1	28	9422	0	0
2.952	2	1	296	3	1	28	9422	0	0
2.953	2	1	296	4	1	28	9422	0	0
2.954	2	1	296	5	1	28	9422	0	0
2.955	2	1	296	6	1	28	9422	0	0
2.956	2	1	296	7	1	28	9422	0	0
2.957	2	1	296	8	1	28	9422	0	0
2.958	2	1	296	9	1	28	9422	0	0
2.959	2	1	296	10	1	28	9422	0	0
2.96	2	1	297	1	1	28	9422	0	0
2.961	2	1	297	2	1	28	9422	0	0
2.962	2	1	297	3	1	28	9422	0	0
2.963	1	1	297	4	1	28	9422	0	0
2.963	2	1	297	4	1	28	9422	0	0
2.968	2	1	297	9	1	28	9422	0	0
2.969	2	1	297	10	1	28	9422	0	0
2.97	2	1	298	1	1	28	9422	0	0
2.971	2	1	298	2	1	28	9422	0	0
2.972	2	1	298	3	1	28	9422	0	0
2.973	2	1	298	4	1	28	9422	0	0
2.974	2	1	298	5	1	28	9422	0	0
2.975	2	1	298	6	1	28	9422	0	0
2.979	2	1	298	10	1	28	9422	0	0
2.98	2	1	299	1	1	28	9422	0	0
2.981	2	1	299	2	1	28	9422	0	0
2.982	2	1	299	3	1	28	9422	0	0
2.983	2	1	299	4	1	28	9422	0	0
2.984	2	1	299	5	1	28	9422	0	0
2.985	2	1	299	6	1	28	9422	0	0
2.986	2	1	299	7	1	28	9422	0	0
2.987	2	1	299	8	1	28	9422	0	0
2.988	1	1	299	9	1	28	9422	0	0
2.988	2	1	299	9	1	28	9422	0	0
2.989	2	1	299	10	1	28	9422	0	0
2.99	2	1	300	1	1	28	9422	0	0
2.991	2	1	300	2	1	28	9422	0	0
2.992	2	1	300	3	1	28	9422	0	0
2.993	2	1	300	4	1	28	9422	0	0
2.994	2	1	300	5	1	28	9422	0	0
2.995	2	1	300	6	1	28	9422	0	0
2.996	2	1	300	7	1	28	9422	0	0
2.997	2	1	300	8	1	28	9422	0	0
2.998	2	1	300	9	1	28	9422	0	0
3.003	2	1	301	4	1	28	9422	0	0
3.004	2	1	301	5	1	28	9422	0	0
3.005	2	1	301	6	1	28	9422	0	0
3.006	2	1	301	7	1	28	9422	0	0
3.007	2	1	301	8	1	28	9422	0	0
3.008	2	1	301	9	1	28	9422	0	0
3.009	2	1	301	10	1	28	9422	0	0
3.01	2	1	302	1	1	28	9422	0	0
3.015	2	1	302	6	1	28	9422	0	0
3.016	2	1	302	7	1	28	9422	0	0
3.017	2	1	302	8	1	28	9422	0	0
3.018	2	1	302	9	1	28	9422	0	0
3.019	2	1	302	10	1	28	9422	0	0
3.02	2	1	303	1	1	28	9422	0	0
3.021	2	1	303	2	1	28	9422	0	0
3.022	2	1	303	3	1	28	9422	0	0
3.023	2	1	303	4	1	28	9422	0	0
3.024	1	1	303	5	1	28	9422	0	0
3.024	2	1	303	5	1	28	9422	0	0
3.025	2	1	303	6	1	28	9422	0	0
3.026	2	1	303	7	1	28	9422	0	0
3.027	2	1	303	8	1	28	9422	0	0
3.028	2	1	303	9	1	28	9422	0	0
3.029	2	1	303	10	1	28	9422	0	0
3.03	2	1	304	1	1	28	9422	0	0
3.031	2	1	304	2	1	28	9422	0	0
3.032	2	1	304	3	1	28	9422	0	0
3.033	2	1	304	4	1	28	9422	0	0
3.034	2	1	304	5	1	28	9422	0	0
3.035	1	1	304	6	1	28	9422	0	0
3.035	2	1	304	6	1	28	9422	0	0
3.04	2	1	305	1	1	28	9422	0	0
3.041	2	1	305	2	1	28	9422	0	0
3.042	2	1	305	3	1	28	9422	0	0
3.043	2	1	305	4	1	28	9422	0	0
3.044	2	1	305	5	1	28	9422	0	0
3.045	2	1	305	6	1	28	9422	0	0
3.046	2	1	305	7	1	28	9422	0	0
3.047	2	1	305	8	1	28	9422	0	0
3.051	2	1	306	2	1	28	9422	0	0
3.052	2	1	306	3	1	28	9422	0	0
3.053	2	1	306	4	1	28	9422	0	0
3.054	2	1	306	5	1	28	9422	0	0
3.055	2	1	306	6	1	28	9422	0	0
3.056	2	1	306	7	1	28	9422	0	0
3.057	2	1	306	8	1	28	9422	0	0
3.058	2	1	306	9	1	28	9422	0	0
3.059	2	1	306	10	1	28	9422	0	0
3.06	1	1	307	1	1	28	9422	0	0
3.06	2	1	307	1	1	28	9422	0	0
3.061	2	1	307	2	1	28	9422	0	0
3.062	2	1	307	3	1	28	9422	0	0
3.063	2	1	307	4	1	28	9422	0	0
3.064	2	1	307	5	1	28	9422	0	0
3.065	2	1	307	6	1	28	9422	0	0
3.066	2	1	307	7	1	28	9422	0	0
3.067	2	1	307	8	1	28	9422	0	0
3.068	2	1	307	9	1	28	9422	0	0
3.069	2	1	307	10	1	28	9422	0	0
3.07	2	1	308	1	1	28	9422	0	0
3.075	2	1	308	6	1	28	9422	0	0
3.076	2	1	308	7	1	28	9422	0	0
3.077	2	1	308	8	1	28	9422	0	0
3.078	2	1	308	9	1	28	9422	0	0
3.079	2	1	308	10	1	28	9422	0	0
3.08	2	1	309	1	1	28	9422	0	0
3.081	2	1	309	2	1	28	9422	0	0
3.082	2	1	309	3	1	28	9422	0	0
3.087	2	1	309	8	1	28	9422	0	0
3.088	2	1	309	9	1	28	9422	0	0
3.089	2	1	309	10	1	28	9422	0	0
3.09	2	1	310	1	1	28	9422	0	0
3.091	2	1	310	2	1	28	9422	0	0
3.092	2	1	310	3	1	28	9422	0	0
3.093	2	1	310	4	1	28	9422	0	0
3.094	2	1	310	5	1	28	9422	0	0
3.095	2	1	310	6	1	28	9422	0	0
3.096	1	1	310	7	1	28	9422	0	0
3.096	2	1	310	7	1	28	9422	0	0
3.097	2	1	310	8	1	28	9422	0	0
3.098	2	1	310	9	1	28	9422	0	0
3.099	2	1	310	10	1	28	9422	0	0
3.1	2	1	311	1	1	28	9422	0	0
3.101	2	1	311	2	1	28	9422	0	0
3.102	2	1	311	3	1	28	9422	0	0
3.103	2	1	311	4	1	28	9422	0	0
3.104	2	1	311	5	1	28	9422	0	0
3.105	2	1	311	6	1	28	9422	0	0
3.106	2	1	311	7	1	28	9422	0	0
3.107	1	1	311	8	1	28	9422	0	0
3.107	2	1	311	8	1	28	9422	0	0
3.112	2	1	312	3	1	28	9422	0	0
3.113	2	1	312	4	1	28	9422	0	0
3.114	2	1	312	5	1	28	9422	0	0
3.115	2	1	312	6	1	28	9422	0	0
3.116	2	1	312	7	1	28	9422	0	0
3.117	2	1	312	8	1	28	9422	0	0
3.118	2	1	312	9	1	28	9422	0	0
3.119	2	1	312	10	1	28	9422	0	0
3.123	2	1	313	4	1	28	9422	0	0
3.124	2	1	313	5	1	28	9422	0	0
3.125	2	1	313	6	1	28	9422	0	0
3.126	2	1	313	7	1	28	9422	0	0
3.127	2	1	313	8	1	28	9422	0	0
3.128	2	1	313	9	1	28	9422	0	0
3.129	2	1	313	10	1	28	9422	0	0
3.13	2	1	314	1	1	28	9422	0	0
3.131	2	1	314	2	1	28	9422	0	0
3.132	1	1	314	3	1	28	9422	0	0
3.132	2	1	314	3	1	28	9422	0	0
3.133	2	1	314	4	1	28	9422	0	0
3.134	2	1	314	5	1	28	9422	0	0
3.135	2	1	314	6	1	28	9422	0	0
3.136	2	1	314	7	1	28	9422	0	0
3.137	2	1	314	8	1	28	9422	0	0
3.138	2	1	314	9	1	28	9422	0	0
3.139	2	1	314	10	1	28	9422	0	0
3.14	2	1	315	1	1	28	9422	0	0
3.141	2	1	315	2	1	28	9422	0	0
3.142	2	1	315	3	1	28	9422	0	0
3.147	2	1	315	8	1	28	9422	0	0
3.148	2	1	315	9	1	28	9422	0	0
3.149	2	1	315	10	1	28	9422	0	0
3.15	2	1	316	1	1	28	9422	0	0
3.151	2	1	316	2	1	28	9422	0	0
3.152	2	1	316	3	1	28	9422	0	0
3.153	2	1	316	4	1	28	9422	0	0
3.154	2	1	316	5	1	28	9422	0	0
3.159	2	1	316	10	1	28	9422	0	0
3.16	2	1	317	1	1	28	9422	0	0
3.161	2	1	317	2	1	28	9422	0	0
3.162	2	1	317	3	1	28	9422	0	0
3.163	2	1	317	4	1	28	9422	0	0
3.164	2	1	317	5	1	28	9422	0	0
3.165	2	1	317	6	1	28	9422	0	0
3.166	2	1	317	7	1	28	9422	0	0
3.167	2	1	317	8	1	28	9422	0	0
3.168	1	1	317	9	1	28	9422	0	0
3.168	2	1	317	9	1	28	9422	0	0
3.169	2	1	317	10	1	28	9422	0	0
3.17	2	1	318	1	1	28	9422	0	0
3.171	2	1	318	2	1	28	9422	0	0
3.172	2	1	318	3	1	28	9422	0	0
3.173	2	1	318	4	1	28	9422	0	0
3.174	2	1	318	5	1	28	9422	0	0
3.175	2	1	318	6	1	28	9422	0	0
3.176	2	1	318	7	1	28	9422	0	0
3.177	2	1	318	8	1	28	9422	0	0
3.178	2	1	318	9	1	28	9422	0	0
3.179	1	1	318	10	1	28	9422	0	0
3.179	2	1	318	10	1	28	9422	0	0
3.184	2	1	319	5	1	28	9422	0	0
3.185	2	1	319	6	1	28	9422	0	0
3.186	2	1	319	7	1	28	9422	0	0
3.187	2	1	319	8	1	28	9422	0	0
3.188	2	1	319	9	1	28	9422	0	0
3.189	2	1	319	10	1	28	9422	0	0
3.19	2	1	320	1	1	28	9422	0	0
3.191	2	1	320	2	1	28	9422	0	0
3.195	2	1	320	6	1	28	9422	0	0
3.196	2	1	320	7	1	28	9422	0	0
3.197	2	1	320	8	1	28	9422	0	0
3.198	2	1	320	9	1	28	9422	0	0
3.199	2	1	320	10	1	28	9422	0	0
3.2	2	1	321	1	1	28	9422	0	0
3.201	2	1	321	2	1	28	9422	0	0
3.202	2	1	321	3	1	28	9422	0	0
3.203	2	1	321	4	1	28	9422	0	0
3.204	1	1	321	5	1	28	9422	0	0
3.204	2	1	321	5	1	28	9422	0	0
3.205	2	1	321	6	1	28	9422	0	0
3.206	2	1	321	7	1	28	9422	0	0
3.207	2	1	321	8	1	28	9422	0	0
3.208	2	1	321	9	1	28	9422	0	0
3.209	2	1	321	10	1	28	9422	0	0
3.21	2	1	322	1	1	28	9422	0	0
3.211	2	1	322	2	1	28	9422	0	0
3.212	2	1	322	3	1	28	9422	0	0
3.213	2	1	322	4	1	28	9422	0	0
3.214	2	1	322	5	1	28	9422	0	0
3.219	2	1	322	10	1	28	9422	0	0
3.22	2	1	323	1	1	28	9422	0	0
3.221	2	1	323	2	1	28	9422	0	0
3.222	2	1	323	3	1	28	9422	0	0
3.223	2	1	323	4	1	28	9422	0	0
3.224	2	1	323	5	1	28	9422	0	0
3.225	2	1	323	6	1	28	9422	0	0
3.226	2	1	323	7	1	28	9422	0	0
3.231	2	1	324	2	1	28	9422	0	0
3.232	2	1	324	3	1	28	9422	0	0
3.233	2	1	324	4	1	28	9422	0	0
3.234	2	1	324	5	1	28	9422	0	0
3.235	2	1	324	6	1	28	9422	0	0
3.236	2	1	324	7	1	28	9422	0	0
3.237	2	1	324	8	1	28	9422	0	0
3.238	2	1	324	9	1	28	9422	0	0
3.239	2	1	324	10	1	28	9422	0	0
3.24	1	1	325	1	1	28	9422	0	0
3.24	2	1	325	1	1	28	9422	0	0
3.241	2	1	325	2	1	28	9422	0	0
3.242	2	1	325	3	1	28	9422	0	0
3.243	2	1	325	4	1	28	9422	0	0
3.244	2	1	325	5	1	28	9422	0	0
3.245	2	1	325	6	1	28	9422	0	0
3.246	2	1	325	7	1	28	9422	0	0
3.247	2	1	325	8	1	28	9422	0	0
3.248	2	1	325	9	1	28	9422	0	0
3.249	2	1	325	10	1	28	9422	0	0
3.25	2	1	326	1	1	28	9422	0	0
3.251	1	1	326	2	1	28	9422	0	0
3.251	2	1	326	2	1	28	9422	0	0
3.256	2	1	326	7	1	28	9422	0	0
3.257	2	1	326	8	1	28	9422	0	0
3.258	2	1	326	9	1	28	9422	0	0
3.259	2	1	326	10	1	28	9422	0	0
3.26	2	1	327	1	1	28	9422	0	0
3.261	2	1	327	2	1	28	9422	0	0
3.262	2	1	327	3	1	28	9422	0	0
3.263	2	1	327	4	1	28	9422	0	0
3.267	2	1	327	8	1	28	9422	0	0
3.268	2	1	327	9	1	28	9422	0	0
3.269	2	1	327	10	1	28	9422	0	0
3.27	2	1	328	1	1	28	9422	0	0
3.271	2	1	328	2	1	28	9422	0	0
3.272	2	1	328	3	1	28	9422	0	0
3.273	2	1	328	4	1	28	9422	0	0
3.274	2	1	328	5	1	28	9422	0	0
3.275	2	1	328	6	1	28	9422	0	0
3.276	1	1	328	7	1	28	9422	0	0
3.276	2	1	328	7	1	28	9422	0	0
3.277	2	1	328	8	1	28	9422	0	0
3.278	2	1	328	9	1	28	9422	0	0
3.279	2	1	328	10	1	28	9422	0	0
3.28	2	1	329	1	1	28	9422	0	0
3.281	2	1	329	2	1	28	9422	0	0
3.282	2	1	329	3	1	28	9422	0	0
3.283	2	1	329	4	1	28	9422	0	0
3.284	2	1	329	5	1	28	9422	0	0
3.285	2	1	329	6	1	28	9422	0	0
3.286	2	1	329	7	1	28	9422	0	0
3.291	2	1	330	2	1	28	9422	0	0
3.292	2	1	330	3	1	28	9422	0	0
3.293	2	1	330	4	1	28	9422	0	0
3.294	2	1	330	5	1	28	9422	0	0
3.295	2	1	330	6	1	28	9422	0	0
3.296	2	1	330	7	1	28	9422	0	0
3.297	2	1	330	8	1	28	9422	0	0
3.298	2	1	330	9	1	28	9422	0	0
3.303	2	1	331	4	1	28	9422	0	0
3.304	2	1	331	5	1	28	9422	0	0
3.305	2	1	331	6	1	28	9422	0	0
3.306	2	1	331	7	1	28	9422	0	0
3.307	2	1	331	8	1	28	9422	0	0
3.308	2	1	331	9	1	28	9422	0	0
3.309	2	1	331	10	1	28	9422	0	0
3.31	2	1	332	1	1	28	9422	0	0
3.311	2	1	332	2	1	28	9422	0	0
3.312	1	1	332	3	1	28	9422	0	0
3.312	2	1	332	3	1	28	9422	0	0
3.313	2	1	332	4	1	28	9422	0	0
3.314	2	1	332	5	1	28	9422	0	0
3.315	2	1	332	6	1	28	9422	0	0
3.316	2	1	332	7	1	28	9422	0	0
3.317	2	1	332	8	1	28	9422	0	0
3.318	2	1	332	9	1	28	9422	0	0
3.319	2	1	332	10	1	28	9422	0	0
3.32	2	1	333	1	1	28	9422	0	0
3.321	2	1	333	2	1	28	9422	0	0
3.322	2	1	333	3	1	28	9422	0	0
3.323	1	1	333	4	1	28	9422	0	0
3.323	2	1	333	4	1	28	9422	0	0
3.328	2	1	333	9	1	28	9422	0	0
3.329	2	1	333	10	1	28	9422	0	0
3.33	2	1	334	1	1	28	9422	0	0
3.331	2	1	334	2	1	28	9422	0	0
3.332	2	1	334	3	1	28	9422	0	0
3.333	2	1	334	4	1	28	9422	0	0
3.334	2	1	334	5	1	28	9422	0	0
3.335	2	1	334	6	1	28	9422	0	0
3.34	2	1	335	1	1	28	9422	0	0
3.341	2	1	335	2	1	28	9422	0	0
3.342	2	1	335	3	1	28	9422	0	0
3.343	2	1	335	4	1	28	9422	0	0
3.344	2	1	335	5	1	28	9422	0	0
3.345	2	1	335	6	1	28	9422	0	0
3.346	2	1	335	7	1	28	9422	0	0
3.347	2	1	335	8	1	28	9422	0	0
3.348	2	1	335	9	1	28	9422	0	0
3.349	1	1	335	10	1	28	9422	0	0
3.349	2	1	335	10	1	28	9422	0	0
3.35	2	1	336	1	1	28	9422	0	0
3.351	2	1	336	2	1	28	9422	0	0
3.352	2	1	336	3	1	28	9422	0	0
3.353	2	1	336	4	1	28	9422	0	0
3.354	2	1	336	5	1	28	9422	0	0
3.355	2	1	336	6	1	28	9422	0	0
3.356	2	1	336	7	1	28	9422	0	0
3.357	2	1	336	8	1	28	9422	0	0
3.358	2	1	336	9	1	28	9422	0	0
3.359	2	1	336	10	1	28	9422	0	0
3.364	2	1	337	5	1	28	9422	0	0
3.365	2	1	337	6	1	28	9422	0	0
3.366	2	1	337	7	1	28	9422	0	0
3.367	2	1	337	8	1	28	9422	0	0
3.368	2	1	337	9	1	28	9422	0	0
3.369	2	1	337	10	1	28	9422	0	0
3.37	2	1	338	1	1	28	9422	0	0
3.371	2	1	338	2	1	28	9422	0	0
3.376	2	1	338	7	1	28	9422	0	0
3.377	2	1	338	8	1	28	9422	0	0
3.378	2	1	338	9	1	28	9422	0	0
3.379	2	1	338	10	1	28	9422	0	0
3.38	2	1	339	1	1	28	9422	0	0
3.381	2	1	339	2	1	28	9422	0	0
3.382	2	1	339	3	1	28	9422	0	0
3.383	2	1	339	4	1	28	9422	0	0
3.384	2	1	339	5	1	28	9422	0	0
3.385	2	1	339	6	1	28	9422	0	0
3.386	2	1	339	7	1	28	9422	0	0
3.387	2	1	339	8	1	28	9422	0	0
3.388	2	1	339	9	1	28	9422	0	0
3.389	2	1	339	10	1	28	9422	0	0
3.39	2	1	340	1	1	28	9422	0	0
3.391	2	1	340	2	1	28	9422	0	0
3.392	2	1	340	3	1	28	9422	0	0
3.393	2	1	340	4	1	28	9422	0	0
3.394	2	1	340	5	1	28	9422	0	0
3.395	2	1	340	6	1	28	9422	0	0
3.396	2	1	340	7	1	28	9422	0	0
3.397	2	1	340	8	1	28	9422	0	0
3.398	2	1	340	9	1	28	9422	0	0
3.403	2	1	341	4	1	28	9422	0	0
3.404	2	1	341	5	1	28	9422	0	0
3.405	2	1	341	6	1	28	9422	0	0
3.406	2	1	341	7	1	28	9422	0	0
3.407	2	1	341	8	1	28	9422	0	0
3.408	2	1	341	9	1	28	9422	0	0
3.409	2	1	341	10	1	28	9422	0	0
3.41	2	1	342	1	1	28	9422	0	0
3.415	2	1	342	6	1	28	9422	0	0
3.416	2	1	342	7	1	28	9422	0	0
3.417	2	1	342	8	1	28	9422	0	0
3.418	2	1	342	9	1	28	9422	0	0
3.419	2	1	342	10	1	28	9422	0	0
3.42	2	1	343	1	1	28	9422	0	0
3.421	2	1	343	2	1	28	9422	0	0
3.422	2	1	343	3	1	28	9422	0	0
3.423	2	1	343	4	1	28	9422	0	0
3.424	2	1	343	5	1	28	9422	0	0
3.425	2	1	343	6	1	28	9422	0	0
3.426	2	1	343	7	1	28	9422	0	0
3.427	2	1	343	8	1	28	9422	0	0
3.428	2	1	343	9	1	28	9422	0	0
3.433	2	1	344	4	1	28	9422	0	0
3.434	2	1	344	5	1	28	9422	0	0
3.435	2	1	344	6	1	28	9422	0	0
3.436	2	1	344	7	1	28	9422	0	0
3.437	2	1	344	8	1	28	9422	0	0
3.438	2	1	344	9	1	28	9422	0	0
3.439	2	1	344	10	1	28	9422	0	0
3.44	2	1	345	1	1	28	9422	0	0
3.445	2	1	345	6	1	28	9422	0	0
3.446	2	1	345	7	1	28	9422	0	0
3.447	2	1	345	8	1	28	9422	0	0
3.448	2	1	345	9	1	28	9422	0	0
3.449	2	1	345	10	1	28	9422	0	0
3.45	2	1	346	1	1	28	9422	0	0
3.451	2	1	346	2	1	28	9422	0	0
3.452	2	1	346	3	1	28	9422	0	0
3.457	2	1	346	8	1	28	9422	0	0
3.458	2	1	346	9	1	28	9422	0	0
3.459	2	1	346	10	1	28	9422	0	0
3.46	2	1	347	1	1	28	9422	0	0
3.461	2	1	347	2	1	28	9422	0	0
3.462	2	1	347	3	1	28	9422	0	0
3.463	2	1	347	4	1	28	9422	0	0
3.464	2	1	347	5	1	28	9422	0	0
3.469	2	1	347	10	1	28	9422	0	0
3.47	2	1	348	1	1	28	9422	0	0
3.471	2	1	348	2	1	28	9422	0	0
3.472	2	1	348	3	1	28	9422	0	0
3.473	2	1	348	4	1	28	9422	0	0
3.474	2	1	348	5	1	28	9422	0	0
3.475	2	1	348	6	1	28	9422	0	0
3.476	2	1	348	7	1	28	9422	0	0
3.481	2	1	349	2	1	28	9422	0	0
3.482	2	1	349	3	1	28	9422	0	0
3.483	2	1	349	4	1	28	9422	0	0
3.484	2	1	349	5	1	28	9422	0	0
3.485	2	1	349	6	1	28	9422	0	0
3.486	2	1	349	7	1	28	9422	0	0
3.487	2	1	349	8	1	28	9422	0	0
3.488	2	1	349	9	1	28	9422	0	0
3.493	2	1	350	4	1	28	9422	0	0
3.494	2	1	350	5	1	28	9422	0	0
3.495	2	1	350	6	1	28	9422	0	0
3.496	2	1	350	7	1	28	9422	0	0
3.497	2	1	350	8	1	28	9422	0	0
3.498	2	1	350	9	1	28	9422	0	0
3.499	2	1	350	10	1	28	9422	0	0
3.5	2	1	351	1	1	28	9422	0	0
3.505	2	1	351	6	1	28	9422	0	0
3.506	2	1	351	7	1	28	9422	0	0
3.507	2	1	351	8	1	28	9422	0	0
3.508	2	1	351	9	1	28	9422	0	0
3.509	2	1	351	10	1	28	9422	0	0
3.51	2	1	352	1	1	28	9422	0	0
3.511	2	1	352	2	1	28	9422	0	0
3.512	2	1	352	3	1	28	9422	0	0
3.517	2	1	352	8	1	28	9422	0	0
3.518	2	1	352	9	1	28	9422	0	0
3.519	2	1	352	10	1	28	9422	0	0
3.52	2	1	353	1	1	28	9422	0	0
3.521	2	1	353	2	1	28	9422	0	0
3.522	2	1	353	3	1	28	9422	0	0
3.523	2	1	353	4	1	28	9422	0	0
3.524	2	1	353	5	1	28	9422	0	0
3.529	2	1	353	10	1	28	9422	0	0
3.53	2	1	354	1	1	28	9422	0	0
3.531	2	1	354	2	1	28	9422	0	0
3.532	2	1	354	3	1	28	9422	0	0
3.533	2	1	354	4	1	28	9422	0	0
3.534	2	1	354	5	1	28	9422	0	0
3.535	2	1	354	6	1	28	9422	0	0
3.536	2	1	354	7	1	28	9422	0	0
3.541	2	1	355	2	1	28	9422	0	0
3.542	2	1	355	3	1	28	9422	0	0
3.543	2	1	355	4	1	28	9422	0	0
3.544	2	1	355	5	1	28	9422	0	0
3.545	2	1	355	6	1	28	9422	0	0
3.546	2	1	355	7	1	28	9422	0	0
3.547	2	1	355	8	1	28	9422	0	0
3.548	2	1	355	9	1	28	9422	0	0
3.553	2	1	356	4	1	28	9422	0	0
3.554	2	1	356	5	1	28	9422	0	0
3.555	2	1	356	6	1	28	9422	0	0
3.556	2	1	356	7	1	28	9422	0	0
3.557	2	1	356	8	1	28	9422	0	0
3.558	2	1	356	9	1	28	9422	0	0
3.559	2	1	356	10	1	28	9422	0	0
3.56	2	1	357	1	1	28	9422	0	0
3.565	2	1	357	6	1	28	9422	0	0
3.566	2	1	357	7	1	28	9422	0	0
3.567	2	1	357	8	1	28	9422	0	0
3.568	2	1	357	9	1	28	9422	0	0
3.569	2	1	357	10	1	28	9422	0	0
3.57	2	1	358	1	1	28	9422	0	0
3.571	2	1	358	2	1	28	9422	0	0
3.572	2	1	358	3	1	28	9422	0	0
3.577	2	1	358	8	1	28	9422	0	0
3.578	2	1	358	9	1	28	9422	0	0
3.579	2	1	358	10	1	28	9422	0	0
3.58	2	1	359	1	1	28	9422	0	0
3.581	2	1	359	2	1	28	9422	0	0
3.582	2	1	359	3	1	28	9422	0	0
3.583	2	1	359	4	1	28	9422	0	0
3.584	2	1	359	5	1	28	9422	0	0
3.589	2	1	359	10	1	28	9422	0	0
3.59	2	1	360	1	1	28	9422	0	0
3.591	2	1	360	2	1	28	9422	0	0
3.592	2	1	360	3	1	28	9422	0	0
3.593	2	1	360	4	1	28	9422	0	0
3.594	2	1	360	5	1	28	9422	0	0
3.595	2	1	360	6	1	28	9422	0	0
3.596	2	1	360	7	1	28	9422	0	0
3.601	2	1	361	2	1	28	9422	0	0
3.602	2	1	361	3	1	28	9422	0	0
3.603	2	1	361	4	1	28	9422	0	0
3.604	2	1	361	5	1	28	9422	0	0
3.605	2	1	361	6	1	28	9422	0	0
3.606	2	1	361	7	1	28	9422	0	0
3.607	2	1	361	8	1	28	9422	0	0
3.608	2	1	361	9	1	28	9422	0	0
3.613	2	1	362	4	1	28	9422	0	0
3.614	2	1	362	5	1	28	9422	0	0
3.615	2	1	362	6	1	28	9422	0	0
3.616	2	1	362	7	1	28	9422	0	0
3.617	2	1	362	8	1	28	9422	0	0
3.618	2	1	362	9	1	28	9422	0	0
3.619	2	1	362	10	1	28	9422	0	0
3.62	2	1	363	1	1	28	9422	0	0
3.625	2	1	363	6	1	28	9422	0	0
3.626	2	1	363	7	1	28	9422	0	0
3.627	2	1	363	8	1	28	9422	0	0
3.628	2	1	363	9	1	28	9422	0	0
3.629	2	1	363	10	1	28	9422	0	0
3.63	2	1	364	1	1	28	9422	0	0
3.631	2	1	364	2	1	28	9422	0	0
3.632	2	1	364	3	1	28	9422	0	0
3.637	2	1	364	8	1	28	9422	0	0
3.638	2	1	364	9	1	28	9422	0	0
3.639	2	1	364	10	1	28	9422	0	0
3.64	2	1	365	1	1	28	9422	0	0
3.641	2	1	365	2	1	28	9422	0	0
3.642	2	1	365	3	1	28	9422	0	0
3.643	2	1	365	4	1	28	9422	0	0
3.644	2	1	365	5	1	28	9422	0	0
3.649	2	1	365	10	1	28	9422	0	0
3.65	2	1	366	1	1	28	9422	0	0
3.651	2	1	366	2	1	28	9422	0	0
3.652	2	1	366	3	1	28	9422	0	0
3.653	2	1	366	4	1	28	9422	0	0
3.654	2	1	366	5	1	28	9422	0	0
3.655	2	1	366	6	1	28	9422	0	0
3.656	2	1	366	7	1	28	9422	0	0
3.661	2	1	367	2	1	28	9422	0	0
3.662	2	1	367	3	1	28	9422	0	0
3.663	2	1	367	4	1	28	9422	0	0
3.664	2	1	367	5	1	28	9422	0	0
3.665	2	1	367	6	1	28	9422	0	0
3.666	2	1	367	7	1	28	9422	0	0
3.667	2	1	367	8	1	28	9422	0	0
3.668	2	1	367	9	1	28	9422	0	0
3.673	2	1	368	4	1	28	9422	0	0
3.674	2	1	368	5	1	28	9422	0	0
3.675	2	1	368	6	1	28	9422	0	0
3.676	2	1	368	7	1	28	9422	0	0
3.677	2	1	368	8	1	28	9422	0	0
3.678	2	1	368	9	1	28	9422	0	0
3.679	2	1	368	10	1	28	9422	0	0
3.68	2	1	369	1	1	28	9422	0	0
3.685	2	1	369	6	1	28	9422	0	0
3.686	2	1	369	7	1	28	9422	0	0
3.687	2	1	369	8	1	28	9422	0	0
3.688	2	1	369	9	1	28	9422	0	0
3.689	2	1	369	10	1	28	9422	0	0
3.69	2	1	370	1	1	28	9422	0	0
3.691	2	1	370	2	1	28	9422	0	0
3.692	2	1	370	3	1	28	9422	0	0
3.697	2	1	370	8	1	28	9422	0	0
3.698	2	1	370	9	1	28	9422	0	0
3.699	2	1	370	10	1	28	9422	0	0
3.7	2	1	371	1	1	28	9422	0	0
3.701	2	1	371	2	1	28	9422	0	0
3.702	2	1	371	3	1	28	9422	0	0
3.703	2	1	371	4	1	28	9422	0	0
3.704	2	1	371	5	1	28	9422	0	0
3.709	2	1	371	10	1	28	9422	0	0
3.71	2	1	372	1	1	28	9422	0	0
3.711	2	1	372	2	1	28	9422	0	0
3.712	2	1	372	3	1	28	9422	0	0
3.713	2	1	372	4	1	28	9422	0	0
3.714	2	1	372	5	1	28	9422	0	0
3.715	2	1	372	6	1	28	9422	0	0
3.716	2	1	372	7	1	28	9422	0	0
3.721	2	1	373	2	1	28	9422	0	0
3.722	2	1	373	3	1	28	9422	0	0
3.723	2	1	373	4	1	28	9422	0	0
3.724	2	1	373	5	1	28	9422	0	0
3.725	2	1	373	6	1	28	9422	0	0
3.726	2	1	373	7	1	28	9422	0	0
3.727	2	1	373	8	1	28	9422	0	0
3.728	2	1	373	9	1	28	9422	0	0
3.733	2	1	374	4	1	28	9422	0	0
3.734	2	1	374	5	1	28	9422	0	0
3.735	2	1	374	6	1	28	9422	0	0
3.736	2	1	374	7	1	28	9422	0	0
3.737	2	1	374	8	1	28	9422	0	0
3.738	2	1	374	9	1	28	9422	0	0
3.739	2	1	374	10	1	28	9422	0	0
3.74	2	1	375	1	1	28	9422	0	0
3.745	2	1	375	6	1	28	9422	0	0
3.746	2	1	375	7	1	28	9422	0	0
3.747	2	1	375	8	1	28	9422	0	0
3.748	2	1	375	9	1	28	9422	0	0
3.749	2	1	375	10	1	28	9422	0	0
3.75	2	1	376	1	1	28	9422	0	0
3.751	2	1	376	2	1	28	9422	0	0
3.752	2	1	376	3	1	28	9422	0	0
3.757	2	1	376	8	1	28	9422	0	0
3.758	2	1	376	9	1	28	9422	0	0
3.759	2	1	376	10	1	28	9422	0	0
3.76	2	1	377	1	1	28	9422	0	0
3.761	2	1	377	2	1	28	9422	0	0
3.762	2	1	377	3	1	28	9422	0	0
3.763	2	1	377	4	1	28	9422	0	0
3.764	2	1	377	5	1	28	9422	0	0
3.769	2	1	377	10	1	28	9422	0	0
3.77	2	1	378	1	1	28	9422	0	0
3.771	2	1	378	2	1	28	9422	0	0
3.772	2	1	378	3	1	28	9422	0	0
3.773	2	1	378	4	1	28	9422	0	0
3.774	2	1	378	5	1	28	9422	0	0
3.775	2	1	378	6	1	28	9422	0	0
3.776	2	1	378	7	1	28	9422	0	0
3.781	2	1	379	2	1	28	9422	0	0
3.782	2	1	379	3	1	28	9422	0	0
3.783	2	1	379	4	1	28	9422	0	0
3.784	2	1	379	5	1	28	9422	0	0
3.785	2	1	379	6	1	28	9422	0	0
3.786	2	1	379	7	1	28	9422	0	0
3.787	2	1	379	8	1	28	9422	0	0
3.788	2	1	379	9	1	28	9422	0	0
3.793	2	1	380	4	1	28	9422	0	0
3.794	2	1	380	5	1	28	9422	0	0
3.795	2	1	380	6	1	28	9422	0	0
3.796	2	1	380	7	1	28	9422	0	0
3.797	2	1	380	8	1	28	9422	0	0
3.798	2	1	380	9	1	28	9422	0	0
3.799	2	1	380	10	1	28	9422	0	0
3.8	2	1	381	1	1	28	9422	0	0
3.805	2	1	381	6	1	28	9422	0	0
3.806	2	1	381	7	1	28	9422	0	0
3.807	2	1	381	8	1	28	9422	0	0
3.808	2	1	381	9	1	28	9422	0	0
3.809	2	1	381	10	1	28	9422	0	0
3.81	2	1	382	1	1	28	9422	0	0
3.811	2	1	382	2	1	28	9422	0	0
3.812	2	1	382	3	1	28	9422	0	0
3.817	2	1	382	8	1	28	9422	0	0
3.818	2	1	382	9	1	28	9422	0	0
3.819	2	1	382	10	1	28	9422	0	0
3.82	2	1	383	1	1	28	9422	0	0
3.821	2	1	383	2	1	28	9422	0	0
3.822	2	1	383	3	1	28	9422	0	0
3.823	2	1	383	4	1	28	9422	0	0
3.824	2	1	383	5	1	28	9422	0	0
3.829	2	1	383	10	1	28	9422	0	0
3.83	2	1	384	1	1	28	9422	0	0
3.831	2	1	384	2	1	28	9422	0	0
3.832	2	1	384	3	1	28	9422	0	0
3.833	2	1	384	4	1	28	9422	0	0
3.834	2	1	384	5	1	28	9422	0	0
3.835	2	1	384	6	1	28	9422	0	0
3.836	2	1	384	7	1	28	9422	0	0
3.841	2	1	385	2	1	28	9422	0	0
3.842	2	1	385	3	1	28	9422	0	0
3.843	2	1	385	4	1	28	9422	0	0
3.844	2	1	385	5	1	28	9422	0	0
3.845	2	1	385	6	1	28	9422	0	0
3.846	2	1	385	7	1	28	9422	0	0
3.847	2	1	385	8	1	28	9422	0	0
3.848	2	1	385	9	1	28	9422	0	0
3.853	2	1	386	4	1	28	9422	0	0
3.854	2	1	386	5	1	28	9422	0	0
3.855	2	1	386	6	1	28	9422	0	0
3.856	2	1	386	7	1	28	9422	0	0
3.857	2	1	386	8	1	28	9422	0	0
3.858	2	1	386	9	1	28	9422	0	0
3.859	2	1	386	10	1	28	9422	0	0
3.86	2	1	387	1	1	28	9422	0	0
3.865	2	1	387	6	1	28	9422	0	0
3.866	2	1	387	7	1	28	9422	0	0
3.867	2	1	387	8	1	28	9422	0	0
3.868	2	1	387	9	1	28	9422	0	0
3.869	2	1	387	10	1	28	9422	0	0
3.87	2	1	388	1	1	28	9422	0	0
3.871	2	1	388	2	1	28	9422	0	0
3.872	2	1	388	3	1	28	9422	0	0
3.877	2	1	388	8	1	28	9422	0	0
3.878	2	1	388	9	1	28	9422	0	0
3.879	2	1	388	10	1	28	9422	0	0
3.88	2	1	389	1	1	28	9422	0	0
3.881	2	1	389	2	1	28	9422	0	0
3.882	2	1	389	3	1	28	9422	0	0
3.883	2	1	389	4	1	28	9422	0	0
3.884	2	1	389	5	1	28	9422	0	0
3.889	2	1	389	10	1	28	9422	0	0
3.89	2	1	390	1	1	28	9422	0	0
3.891	2	1	390	2	1	28	9422	0	0
3.892	2	1	390	3	1	28	9422	0	0
3.893	2	1	390	4	1	28	9422	0	0
3.894	2	1	390	5	1	28	9422	0	0
3.895	2	1	390	6	1	28	9422	0	0
3.896	2	1	390	7	1	28	9422	0	0
3.901	2	1	391	2	1	28	9422	0	0
3.902	2	1	391	3	1	28	9422	0	0
3.903	2	1	391	4	1	28	9422	0	0
3.904	2	1	391	5	1	28	9422	0	0
3.905	2	1	391	6	1	28	9422	0	0
3.906	2	1	391	7	1	28	9422	0	0
3.907	2	1	391	8	1	28	9422	0	0
3.908	2	1	391	9	1	28	9422	0	0
3.913	2	1	392	4	1	28	9422	0	0
3.914	2	1	392	5	1	28	9422	0	0
3.915	2	1	392	6	1	28	9422	0	0
3.916	2	1	392	7	1	28	9422	0	0
3.917	2	1	392	8	1	28	9422	0	0
3.918	2	1	392	9	1	28	9422	0	0
3.919	2	1	392	10	1	28	9422	0	0
3.92	2	1	393	1	1	28	9422	0	0
3.925	2	1	393	6	1	28	9422	0	0
3.926	2	1	393	7	1	28	9422	0	0
3.927	2	1	393	8	1	28	9422	0	0
3.928	2	1	393	9	1	28	9422	0	0
3.929	2	1	393	10	1	28	9422	0	0
3.93	2	1	394	1	1	28	9422	0	0
3.931	2	1	394	2	1	28	9422	0	0
3.932	2	1	394	3	1	28	9422	0	0
3.937	2	1	394	8	1	28	9422	0	0
3.938	2	1	394	9	1	28	9422	0	0
3.939	2	1	394	10	1	28	9422	0	0
3.94	2	1	395	1	1	28	9422	0	0
3.941	2	1	395	2	1	28	9422	0	0
3.942	2	1	395	3	1	28	9422	0	0
3.943	2	1	395	4	1	28	9422	0	0
3.944	2	1	395	5	1	28	9422	0	0
3.949	2	1	395	10	1	28	9422	0	0
3.95	2	1	396	1	1	28	9422	0	0
3.951	2	1	396	2	1	28	9422	0	0
3.952	2	1	396	3	1	28	9422	0	0
3.953	2	1	396	4	1	28	9422	0	0
3.954	2	1	396	5	1	28	9422	0	0
3.955	2	1	396	6	1	28	9422	0	0
3.956	2	1	396	7	1	28	9422	0	0
3.961	2	1	397	2	1	28	9422	0	0
3.962	2	1	397	3	1	28	9422	0	0
3.963	2	1	397	4	1	28	9422	0	0
3.964	2	1	397	5	1	28	9422	0	0
3.965	2	1	397	6	1	28	9422	0	0
3.966	2	1	397	7	1	28	9422	0	0
3.967	2	1	397	8	1	28	9422	0	0
3.968	2	1	397	9	1	28	9422	0	0
3.973	2	1	398	4	1	28	9422	0	0
3.974	2	1	398	5	1	28	9422	0	0
3.975	2	1	398	6	1	28	9422	0	0
3.976	2	1	398	7	1	28	9422	0	0
3.977	2	1	398	8	1	28	9422	0	0
3.978	2	1	398	9	1	28	9422	0	0
3.979	2	1	398	10	1	28	9422	0	0
3.98	2	1	399	1	1	28	9422	0	0
3.985	2	1	399	6	1	28	9422	0	0
3.986	2	1	399	7	1	28	9422	0	0
3.987	2	1	399	8	1	28	9422	0	0
3.988	2	1	399	9	1	28	9422	0	0
3.989	2	1	399	10	1	28	9422	0	0
3.99	2	1	400	1	1	28	9422	0	0
3.991	2	1	400	2	1	28	9422	0	0
3.992	2	1	400	3	1	28	9422	0	0
3.997	2	1	400	8	1	28	9422	0	0
3.998	2	1	400	9	1	28	9422	0	0
3.999	2	1	400	10	1	28	9422	0	0
4	2	1	401	1	1	28	9422	0	0
4.001	2	1	401	2	1	28	9422	0	0
4.002	2	1	401	3	1	28	9422	0	0
4.003	2	1	401	4	1	28	9422	0	0
4.004	2	1	401	5	1	28	9422	0	0
4.009	2	1	401	10	1	28	9422	0	0
4.01	2	1	402	1	1	28	9422	0	0
4.011	2	1	402	2	1	28	9422	0	0
4.012	2	1	402	3	1	28	9422	0	0
4.013	2	1	402	4	1	28	9422	0	0
4.014	2	1	402	5	1	28	9422	0	0
4.015	2	1	402	6	1	28	9422	0	0
4.016	2	1	402	7	1	28	9422	0	0
4.021	2	1	403	2	1	28	9422	0	0
4.022	2	1	403	3	1	28	9422	0	0
4.023	2	1	403	4	1	28	9422	0	0
4.024	2	1	403	5	1	28	9422	0	0
4.025	2	1	403	6	1	28	9422	0	0
4.026	2	1	403	7	1	28	9422	0	0
4.027	2	1	403	8	1	28	9422	0	0
4.028	2	1	403	9	1	28	9422	0	0
4.033	2	1	404	4	1	28	9422	0	0
4.034	2	1	404	5	1	28	9422	0	0
4.035	2	1	404	6	1	28	9422	0	0
4.036	2	1	404	7	1	28	9422	0	0
4.037	2	1	404	8	1	28	9422	0	0
4.038	2	1	404	9	1	28	9422	0	0
4.039	2	1	404	10	1	28	9422	0	0
4.04	2	1	405	1	1	28	9422	0	0
4.045	2	1	405	6	1	28	9422	0	0
4.046	2	1	405	7	1	28	9422	0	0
4.047	2	1	405	8	1	28	9422	0	0
4.048	2	1	405	9	1	28	9422	0	0
4.049	2	1	405	10	1	28	9422	0	0
4.05	2	1	406	1	1	28	9422	0	0
4.051	2	1	406	2	1	28	9422	0	0
4.052	2	1	406	3	1	28	9422	0	0
4.057	2	1	406	8	1	28	9422	0	0
4.058	2	1	406	9	1	28	9422	0	0
4.059	2	1	406	10	1	28	9422	0	0
4.06	2	1	407	1	1	28	9422	0	0
4.061	2	1	407	2	1	28	9422	0	0
4.062	2	1	407	3	1	28	9422	0	0
4.063	2	1	407	4	1	28	9422	0	0
4.064	2	1	407	5	1	28	9422	0	0
4.069	2	1	407	10	1	28	9422	0	0
4.07	2	1	408	1	1	28	9422	0	0
4.071	2	1	408	2	1	28	9422	0	0
4.072	2	1	408	3	1	28	9422	0	0
4.073	2	1	408	4	1	28	9422	0	0
4.074	2	1	408	5	1	28	9422	0	0
4.075	2	1	408	6	1	28	9422	0	0
4.076	2	1	408	7	1	28	9422	0	0
4.081	2	1	409	2	1	28	9422	0	0
4.082	2	1	409	3	1	28	9422	0	0
4.083	2	1	409	4	1	28	9422	0	0
4.084	2	1	409	5	1	28	9422	0	0
4.085	2	1	409	6	1	28	9422	0	0
4.086	2	1	409	7	1	28	9422	0	0
4.087	2	1	409	8	1	28	9422	0	0
4.088	2	1	409	9	1	28	9422	0	0
4.093	2	1	410	4	1	28	9422	0	0
4.094	2	1	410	5	1	28	9422	0	0
4.095	2	1	410	6	1	28	9422	0	0
4.096	2	1	410	7	1	28	9422	0	0
4.097	2	1	410	8	1	28	9422	0	0
4.098	2	1	410	9	1	28	9422	0	0
4.099	2	1	410	10	1	28	9422	0	0
4.1	2	1	411	1	1	28	9422	0	0
4.105	2	1	411	6	1	28	9422	0	0
4.106	2	1	411	7	1	28	9422	0	0
4.107	2	1	411	8	1	28	9422	0	0
4.108	2	1	411	9	1	28	9422	0	0
4.109	2	1	411	10	1	28	9422	0	0
4.11	2	1	412	1	1	28	9422	0	0
4.111	2	1	412	2	1	28	9422	0	0
4.112	2	1	412	3	1	28	9422	0	0
4.117	2	1	412	8	1	28	9422	0	0
4.118	2	1	412	9	1	28	9422	0	0
4.119	2	1	412	10	1	28	9422	0	0
4.12	2	1	413	1	1	28	9422	0	0
4.121	2	1	413	2	1	28	9422	0	0
4.122	2	1	413	3	1	28	9422	0	0
4.123	2	1	413	4	1	28	9422	0	0
4.124	2	1	413	5	1	28	9422	0	0
4.129	2	1	413	10	1	28	9422	0	0
4.13	2	1	414	1	1	28	9422	0	0
4.131	2	1	414	2	1	28	9422	0	0
4.132	2	1	414	3	1	28	9422	0	0
4.133	2	1	414	4	1	28	9422	0	0
4.134	2	1	414	5	1	28	9422	0	0
4.135	2	1	414	6	1	28	9422	0	0
4.136	2	1	414	7	1	28	9422	0	0
4.141	2	1	415	2	1	28	9422	0	0
4.142	2	1	415	3	1	28	9422	0	0
4.143	2	1	415	4	1	28	9422	0	0
4.144	2	1	415	5	1	28	9422	0	0
4.145	2	1	415	6	1	28	9422	0	0
4.146	2	1	415	7	1	28	9422	0	0
4.147	2	1	415	8	1	28	9422	0	0
4.148	2	1	415	9	1	28	9422	0	0
4.153	2	1	416	4	1	28	9422	0	0
4.154	2	1	416	5	1	28	9422	0	0
4.155	2	1	416	6	1	28	9422	0	0
4.156	2	1	416	7	1	28	9422	0	0
4.157	2	1	416	8	1	28	9422	0	0
4.158	2	1	416	9	1	28	9422	0	0
4.159	2	1	416	10	1	28	9422	0	0
4.16	2	1	417	1	1	28	9422	0	0
4.165	2	1	417	6	1	28	9422	0	0
4.166	2	1	417	7	1	28	9422	0	0
4.167	2	1	417	8	1	28	9422	0	0
4.168	2	1	417	9	1	28	9422	0	0
4.169	2	1	417	10	1	28	9422	0	0
4.17	2	1	418	1	1	28	9422	0	0
4.171	2	1	418	2	1	28	9422	0	0
4.172	2	1	418	3	1	28	9422	0	0
4.177	2	1	418	8	1	28	9422	0	0
4.178	2	1	418	9	1	28	9422	0	0
4.179	2	1	418	10	1	28	9422	0	0
4.18	2	1	419	1	1	28	9422	0	0
4.181	2	1	419	2	1	28	9422	0	0
4.182	2	1	419	3	1	28	9422	0	0
4.183	2	1	419	4	1	28	9422	0	0
4.184	2	1	419	5	1	28	9422	0	0
4.189	2	1	419	10	1	28	9422	0	0
4.19	2	1	420	1	1	28	9422	0	0
4.191	2	1	420	2	1	28	9422	0	0
4.192	2	1	420	3	1	28	9422	0	0
4.193	2	1	420	4	1	28	9422	0	0
4.194	2	1	420	5	1	28	9422	0	0
4.195	2	1	420	6	1	28	9422	0	0
4.196	2	1	420	7	1	28	9422	0	0
4.201	2	1	421	2	1	28	9422	0	0
4.202	2	1	421	3	1	28	9422	0	0
4.203	2	1	421	4	1	28	9422	0	0
4.204	2	1	421	5	1	28	9422	0	0
4.205	2	1	421	6	1	28	9422	0	0
4.206	2	1	421	7	1	28	9422	0	0
4.207	2	1	421	8	1	28	9422	0	0
4.208	2	1	421	9	1	28	9422	0	0
4.213	2	1	422	4	1	28	9422	0	0
4.214	2	1	422	5	1	28	9422	0	0
4.215	2	1	422	6	1	28	9422	0	0
4.216	2	1	422	7	1	28	9422	0	0
4.217	2	1	422	8	1	28	9422	0	0
4.218	2	1	422	9	1	28	9422	0	0
4.219	2	1	422	10	1	28	9422	0	0
4.22	2	1	423	1	1	28	9422	0	0
4.225	2	1	423	6	1	28	9422	0	0
4.226	2	1	423	7	1	28	9422	0	0
4.227	2	1	423	8	1	28	9422	0	0
4.228	2	1	423	9	1	28	9422	0	0
4.229	2	1	423	10	1	28	9422	0	0
4.23	2	1	424	1	1	28	9422	0	0
4.231	2	1	424	2	1	28	9422	0	0
4.232	2	1	424	3	1	28	9422	0	0
4.237	2	1	424	8	1	28	9422	0	0
4.238	2	1	424	9	1	28	9422	0	0
4.239	2	1	424	10	1	28	9422	0	0
4.24	2	1	425	1	1	28	9422	0	0
4.241	2	1	425	2	1	28	9422	0	0
4.242	2	1	425	3	1	28	9422	0	0
4.243	2	1	425	4	1	28	9422	0	0
4.244	2	1	425	5	1	28	9422	0	0
4.249	2	1	425	10	1	28	9422	0	0
4.25	2	1	426	1	1	28	9422	0	0
4.251	2	1	426	2	1	28	9422	0	0
4.252	2	1	426	3	1	28	9422	0	0
4.253	2	1	426	4	1	28	9422	0	0
4.254	2	1	426	5	1	28	9422	0	0
4.255	2	1	426	6	1	28	9422	0	0
4.256	2	1	426	7	1	28	9422	0	0
4.261	2	1	427	2	1	28	9422	0	0
4.262	2	1	427	3	1	28	9422	0	0
4.263	2	1	427	4	1	28	9422	0	0
4.264	2	1	427	5	1	28	9422	0	0
4.265	2	1	427	6	1	28	9422	0	0
4.266	2	1	427	7	1	28	9422	0	0
4.267	2	1	427	8	1	28	9422	0	0
4.268	2	1	427	9	1	28	9422	0	0
4.273	2	1	428	4	1	28	9422	0	0
4.274	2	1	428	5	1	28	9422	0	0
4.275	2	1	428	6	1	28	9422	0	0
4.276	2	1	428	7	1	28	9422	0	0
4.277	2	1	428	8	1	28	9422	0	0
4.278	2	1	428	9	1	28	9422	0	0
4.279	2	1	428	10	1	28	9422	0	0
4.28	2	1	429	1	1	28	9422	0	0
4.285	2	1	429	6	1	28	9422	0	0
4.286	2	1	429	7	1	28	9422	0	0
4.287	2	1	429	8	1	28	9422	0	0
4.288	2	1	429	9	1	28	9422	0	0
4.289	2	1	429	10	1	28	9422	0	0
4.29	2	1	430	1	1	28	9422	0	0
4.291	2	1	430	2	1	28	9422	0	0
4.292	2	1	430	3	1	28	9422	0	0
4.297	2	1	430	8	1	28	9422	0	0
4.298	2	1	430	9	1	28	9422	0	0
4.299	2	1	430	10	1	28	9422	0	0
4.3	2	1	431	1	1	28	9422	0	0
4.301	2	1	431	2	1	28	9422	0	0
4.302	2	1	431	3	1	28	9422	0	0
4.303	2	1	431	4	1	28	9422	0	0
4.304	2	1	431	5	1	28	9422	0	0
4.309	2	1	431	10	1	28	9422	0	0
4.31	2	1	432	1	1	28	9422	0	0
4.311	2	1	432	2	1	28	9422	0	0
4.312	2	1	432	3	1	28	9422	0	0
4.313	2	1	432	4	1	28	9422	0	0
4.314	2	1	432	5	1	28	9422	0	0
4.315	2	1	432	6	1	28	9422	0	0
4.316	2	1	432	7	1	28	9422	0	0
4.321	2	1	433	2	1	28	9422	0	0
4.322	2	1	433	3	1	28	9422	0	0
4.323	2	1	433	4	1	28	9422	0	0
4.324	2	1	433	5	1	28	9422	0	0
4.325	2	1	433	6	1	28	9422	0	0
4.326	2	1	433	7	1	28	9422	0	0
4.327	2	1	433	8	1	28	9422	0	0
4.328	2	1	433	9	1	28	9422	0	0
4.333	2	1	434	4	1	28	9422	0	0
4.334	2	1	434	5	1	28	9422	0	0
4.335	2	1	434	6	1	28	9422	0	0
4.336	2	1	434	7	1	28	9422	0	0
4.337	2	1	434	8	1	28	9422	0	0
4.338	2	1	434	9	1	28	9422	0	0
4.339	2	1	434	10	1	28	9422	0	0
4.34	2	1	435	1	1	28	9422	0	0
4.345	2	1	435	6	1	28	9422	0	0
4.346	2	1	435	7	1	28	9422	0	0
4.347	2	1	435	8	1	28	9422	0	0
4.348	2	1	435	9	1	28	9422	0	0
4.349	2	1	435	10	1	28	9422	0	0
4.35	2	1	436	1	1	28	9422	0	0
4.351	2	1	436	2	1	28	9422	0	0
4.352	2	1	436	3	1	28	9422	0	0
4.357	2	1	436	8	1	28	9422	0	0
4.358	2	1	436	9	1	28	9422	0	0
4.359	2	1	436	10	1	28	9422	0	0
4.36	2	1	437	1	1	28	9422	0	0
4.361	2	1	437	2	1	28	9422	0	0
4.362	2	1	437	3	1	28	9422	0	0
4.363	2	1	437	4	1	28	9422	0	0
4.364	2	1	437	5	1	28	9422	0	0
4.369	2	1	437	10	1	28	9422	0	0
4.37	2	1	438	1	1	28	9422	0	0
4.371	2	1	438	2	1	28	9422	0	0
4.372	2	1	438	3	1	28	9422	0	0
4.373	2	1	438	4	1	28	9422	0	0
4.374	2	1	438	5	1	28	9422	0	0
4.375	2	1	438	6	1	28	9422	0	0
4.376	2	1	438	7	1	28	9422	0	0
4.381	2	1	439	2	1	28	9422	0	0
