% time	cellId	IMSI	RNTI	layer	mcs	size	rv	ndi
1013	2	1	1	0	28	9422	0	1
1028	1	1	1	0	28	9422	0	1
1048	2	1	1	0	28	9422	0	1
1063	1	1	1	0	28	9422	0	1
1083	2	1	1	0	28	9422	0	1
1098	1	1	1	0	28	9422	0	1
1118	2	1	1	0	28	9422	0	1
1133	1	1	1	0	28	9422	0	1
1153	2	1	1	0	28	9422	0	1
1168	1	1	1	0	28	9422	0	1
1188	2	1	1	0	28	9422	0	1
1203	1	1	1	0	28	9422	0	1
1223	2	1	1	0	28	9422	0	1
1224	2	1	1	0	28	9422	0	1
1238	1	1	1	0	28	9422	0	1
1258	2	1	1	0	28	9422	0	1
1259	2	1	1	0	28	9422	0	1
1273	1	1	1	0	28	9422	0	1
1293	2	1	1	0	28	9422	0	1
1294	2	1	1	0	28	9422	0	1
1295	2	1	1	0	28	9422	0	1
1308	1	1	1	0	28	9422	0	1
1328	2	1	1	0	28	9422	0	1
1329	2	1	1	0	28	9422	0	1
1330	2	1	1	0	28	9422	0	1
1331	2	1	1	0	28	9422	0	1
1332	2	1	1	0	28	9422	0	1
1343	1	1	1	0	28	9422	0	1
1363	2	1	1	0	28	9422	0	1
1364	2	1	1	0	28	9422	0	1
1365	2	1	1	0	28	9422	0	1
1366	2	1	1	0	28	9422	0	1
1367	1	1	1	0	28	9422	0	1
1367	2	1	1	0	28	9422	0	1
1368	2	1	1	0	28	9422	0	1
1369	2	1	1	0	28	9422	0	1
1370	2	1	1	0	28	9422	0	1
1392	2	1	1	0	28	9422	0	1
1393	2	1	1	0	28	9422	0	1
1394	2	1	1	0	28	9422	0	1
1404	1	1	1	0	28	9422	0	1
1429	1	1	1	0	28	9422	0	1
1449	2	1	1	0	28	9422	0	1
1450	2	1	1	0	28	9422	0	1
1451	2	1	1	0	28	9422	0	1
1452	2	1	1	0	28	9422	0	1
1453	2	1	1	0	28	9422	0	1
1454	2	1	1	0	28	9422	0	1
1455	2	1	1	0	28	9422	0	1
1456	2	1	1	0	28	9422	0	1
1457	2	1	1	0	28	9422	0	1
1458	2	1	1	0	28	9422	0	1
1459	2	1	1	0	28	9422	0	1
1460	1	1	1	0	28	9422	0	1
1460	2	1	1	0	28	9422	0	1
1461	2	1	1	0	28	9422	0	1
1462	2	1	1	0	28	9422	0	1
1463	2	1	1	0	28	9422	0	1
1464	2	1	1	0	28	9422	0	1
1465	2	1	1	0	28	9422	0	1
1466	2	1	1	0	28	9422	0	1
1467	2	1	1	0	28	9422	0	1
1468	2	1	1	0	28	9422	0	1
1473	2	1	1	0	28	9422	0	1
1474	2	1	1	0	28	9422	0	1
1475	2	1	1	0	28	9422	0	1
1476	2	1	1	0	28	9422	0	1
1477	2	1	1	0	28	9422	0	1
1478	2	1	1	0	28	9422	0	1
1479	2	1	1	0	28	9422	0	1
1480	2	1	1	0	28	9422	0	1
1485	2	1	1	0	28	9422	0	1
1486	2	1	1	0	28	9422	0	1
1487	2	1	1	0	28	9422	0	1
1488	2	1	1	0	28	9422	0	1
1489	2	1	1	0	28	9422	0	1
1490	2	1	1	0	28	9422	0	1
1491	2	1	1	0	28	9422	0	1
1492	2	1	1	0	28	9422	0	1
1493	2	1	1	0	28	9422	0	1
1494	2	1	1	0	28	9422	0	1
1495	1	1	1	0	28	9422	0	1
1495	2	1	1	0	28	9422	0	1
1496	2	1	1	0	28	9422	0	1
1497	2	1	1	0	28	9422	0	1
1498	2	1	1	0	28	9422	0	1
1499	2	1	1	0	28	9422	0	1
1500	2	1	1	0	28	9422	0	1
1501	2	1	1	0	28	9422	0	1
1502	2	1	1	0	28	9422	0	1
1503	2	1	1	0	28	9422	0	1
1504	2	1	1	0	28	9422	0	1
1505	2	1	1	0	28	9422	0	1
1506	1	1	1	0	28	9422	0	1
1506	2	1	1	0	28	9422	0	1
1507	2	1	1	0	28	9422	0	1
1508	2	1	1	0	28	9422	0	1
1509	2	1	1	0	28	9422	0	1
1510	2	1	1	0	28	9422	0	1
1515	2	1	1	0	28	9422	0	1
1516	2	1	1	0	28	9422	0	1
1517	2	1	1	0	28	9422	0	1
1518	2	1	1	0	28	9422	0	1
1519	2	1	1	0	28	9422	0	1
1520	2	1	1	0	28	9422	0	1
1521	2	1	1	0	28	9422	0	1
1522	2	1	1	0	28	9422	0	1
1527	2	1	1	0	28	9422	0	1
1528	2	1	1	0	28	9422	0	1
1529	2	1	1	0	28	9422	0	1
1530	2	1	1	0	28	9422	0	1
1531	2	1	1	0	28	9422	0	1
1532	2	1	1	0	28	9422	0	1
1533	2	1	1	0	28	9422	0	1
1534	2	1	1	0	28	9422	0	1
1535	2	1	1	0	28	9422	0	1
1536	2	1	1	0	28	9422	0	1
1537	1	1	1	0	28	9422	0	1
1537	2	1	1	0	28	9422	0	1
1538	2	1	1	0	28	9422	0	1
1539	2	1	1	0	28	9422	0	1
1540	2	1	1	0	28	9422	0	1
1541	2	1	1	0	28	9422	0	1
1542	2	1	1	0	28	9422	0	1
1543	2	1	1	0	28	9422	0	1
1544	2	1	1	0	28	9422	0	1
1545	2	1	1	0	28	9422	0	1
1546	2	1	1	0	28	9422	0	1
1547	2	1	1	0	28	9422	0	1
1548	1	1	1	0	28	9422	0	1
1548	2	1	1	0	28	9422	0	1
1549	2	1	1	0	28	9422	0	1
1554	2	1	1	0	28	9422	0	1
1555	2	1	1	0	28	9422	0	1
1556	2	1	1	0	28	9422	0	1
1557	2	1	1	0	28	9422	0	1
1558	2	1	1	0	28	9422	0	1
1559	2	1	1	0	28	9422	0	1
1560	2	1	1	0	28	9422	0	1
1561	2	1	1	0	28	9422	0	1
1566	2	1	1	0	28	9422	0	1
1567	2	1	1	0	28	9422	0	1
1568	2	1	1	0	28	9422	0	1
1569	2	1	1	0	28	9422	0	1
1570	2	1	1	0	28	9422	0	1
1571	2	1	1	0	28	9422	0	1
1572	2	1	1	0	28	9422	0	1
1573	2	1	1	0	28	9422	0	1
1574	2	1	1	0	28	9422	0	1
1575	2	1	1	0	28	9422	0	1
1576	1	1	1	0	28	9422	0	1
1576	2	1	1	0	28	9422	0	1
1577	2	1	1	0	28	9422	0	1
1578	2	1	1	0	28	9422	0	1
1579	2	1	1	0	28	9422	0	1
1580	2	1	1	0	28	9422	0	1
1581	2	1	1	0	28	9422	0	1
1582	2	1	1	0	28	9422	0	1
1583	2	1	1	0	28	9422	0	1
1584	2	1	1	0	28	9422	0	1
1585	2	1	1	0	28	9422	0	1
1586	2	1	1	0	28	9422	0	1
1587	1	1	1	0	28	9422	0	1
1587	2	1	1	0	28	9422	0	1
1588	2	1	1	0	28	9422	0	1
1589	2	1	1	0	28	9422	0	1
1590	2	1	1	0	28	9422	0	1
1591	2	1	1	0	28	9422	0	1
1592	2	1	1	0	28	9422	0	1
1593	2	1	1	0	28	9422	0	1
1594	2	1	1	0	28	9422	0	1
1599	2	1	1	0	28	9422	0	1
1600	2	1	1	0	28	9422	0	1
1601	2	1	1	0	28	9422	0	1
1602	2	1	1	0	28	9422	0	1
1603	2	1	1	0	28	9422	0	1
1604	2	1	1	0	28	9422	0	1
1605	2	1	1	0	28	9422	0	1
1606	2	1	1	0	28	9422	0	1
1611	2	1	1	0	28	9422	0	1
1612	2	1	1	0	28	9422	0	1
1613	2	1	1	0	28	9422	0	1
1614	2	1	1	0	28	9422	0	1
1615	2	1	1	0	28	9422	0	1
1616	2	1	1	0	28	9422	0	1
1617	2	1	1	0	28	9422	0	1
1618	2	1	1	0	28	9422	0	1
1619	2	1	1	0	28	9422	0	1
1620	2	1	1	0	28	9422	0	1
1621	1	1	1	0	28	9422	0	1
1621	2	1	1	0	28	9422	0	1
1622	2	1	1	0	28	9422	0	1
1623	2	1	1	0	28	9422	0	1
1624	2	1	1	0	28	9422	0	1
1625	2	1	1	0	28	9422	0	1
1626	2	1	1	0	28	9422	0	1
1627	2	1	1	0	28	9422	0	1
1628	2	1	1	0	28	9422	0	1
1629	2	1	1	0	28	9422	0	1
1630	2	1	1	0	28	9422	0	1
1631	2	1	1	0	28	9422	0	1
1632	1	1	1	0	28	9422	0	1
1632	2	1	1	0	28	9422	0	1
1637	2	1	1	0	28	9422	0	1
1638	2	1	1	0	28	9422	0	1
1639	2	1	1	0	28	9422	0	1
1640	2	1	1	0	28	9422	0	1
1641	2	1	1	0	28	9422	0	1
1642	2	1	1	0	28	9422	0	1
1643	2	1	1	0	28	9422	0	1
1644	2	1	1	0	28	9422	0	1
1649	2	1	1	0	28	9422	0	1
1650	2	1	1	0	28	9422	0	1
1651	2	1	1	0	28	9422	0	1
1652	2	1	1	0	28	9422	0	1
1653	2	1	1	0	28	9422	0	1
1654	2	1	1	0	28	9422	0	1
1655	2	1	1	0	28	9422	0	1
1656	2	1	1	0	28	9422	0	1
1657	2	1	1	0	28	9422	0	1
1658	2	1	1	0	28	9422	0	1
1659	2	1	1	0	28	9422	0	1
1660	2	1	1	0	28	9422	0	1
1661	2	1	1	0	28	9422	0	1
1662	2	1	1	0	28	9422	0	1
1663	2	1	1	0	28	9422	0	1
1664	2	1	1	0	28	9422	0	1
1665	2	1	1	0	28	9422	0	1
1666	2	1	1	0	28	9422	0	1
1667	2	1	1	0	28	9422	0	1
1668	2	1	1	0	28	9422	0	1
1669	1	1	1	0	28	9422	0	1
1669	2	1	1	0	28	9422	0	1
1670	2	1	1	0	28	9422	0	1
1671	2	1	1	0	28	9422	0	1
1672	2	1	1	0	28	9422	0	1
1673	2	1	1	0	28	9422	0	1
1674	2	1	1	0	28	9422	0	1
1675	2	1	1	0	28	9422	0	1
1676	2	1	1	0	28	9422	0	1
1681	2	1	1	0	28	9422	0	1
1682	2	1	1	0	28	9422	0	1
1683	2	1	1	0	28	9422	0	1
1684	2	1	1	0	28	9422	0	1
1685	2	1	1	0	28	9422	0	1
1686	2	1	1	0	28	9422	0	1
1687	2	1	1	0	28	9422	0	1
1688	2	1	1	0	28	9422	0	1
1693	2	1	1	0	28	9422	0	1
1694	2	1	1	0	28	9422	0	1
1695	2	1	1	0	28	9422	0	1
1696	2	1	1	0	28	9422	0	1
1697	2	1	1	0	28	9422	0	1
1698	2	1	1	0	28	9422	0	1
1699	2	1	1	0	28	9422	0	1
1700	2	1	1	0	28	9422	0	1
1701	2	1	1	0	28	9422	0	1
1702	2	1	1	0	28	9422	0	1
1703	1	1	1	0	28	9422	0	1
1703	2	1	1	0	28	9422	0	1
1704	2	1	1	0	28	9422	0	1
1705	2	1	1	0	28	9422	0	1
1706	2	1	1	0	28	9422	0	1
1707	2	1	1	0	28	9422	0	1
1708	2	1	1	0	28	9422	0	1
1709	2	1	1	0	28	9422	0	1
1710	2	1	1	0	28	9422	0	1
1711	2	1	1	0	28	9422	0	1
1712	2	1	1	0	28	9422	0	1
1713	2	1	1	0	28	9422	0	1
1714	1	1	1	0	28	9422	0	1
1714	2	1	1	0	28	9422	0	1
1715	2	1	1	0	28	9422	0	1
1720	2	1	1	0	28	9422	0	1
1721	2	1	1	0	28	9422	0	1
1722	2	1	1	0	28	9422	0	1
1723	2	1	1	0	28	9422	0	1
1724	2	1	1	0	28	9422	0	1
1725	2	1	1	0	28	9422	0	1
1726	2	1	1	0	28	9422	0	1
1727	2	1	1	0	28	9422	0	1
1732	2	1	1	0	28	9422	0	1
1733	2	1	1	0	28	9422	0	1
1734	2	1	1	0	28	9422	0	1
1735	2	1	1	0	28	9422	0	1
1736	2	1	1	0	28	9422	0	1
1737	2	1	1	0	28	9422	0	1
1738	2	1	1	0	28	9422	0	1
1739	2	1	1	0	28	9422	0	1
1740	2	1	1	0	28	9422	0	1
1741	2	1	1	0	28	9422	0	1
1742	1	1	1	0	28	9422	0	1
1742	2	1	1	0	28	9422	0	1
1743	2	1	1	0	28	9422	0	1
1744	2	1	1	0	28	9422	0	1
1745	2	1	1	0	28	9422	0	1
1746	2	1	1	0	28	9422	0	1
1747	2	1	1	0	28	9422	0	1
1748	2	1	1	0	28	9422	0	1
1749	2	1	1	0	28	9422	0	1
1750	2	1	1	0	28	9422	0	1
1751	2	1	1	0	28	9422	0	1
1752	2	1	1	0	28	9422	0	1
1753	1	1	1	0	28	9422	0	1
1753	2	1	1	0	28	9422	0	1
1754	2	1	1	0	28	9422	0	1
1755	2	1	1	0	28	9422	0	1
1756	2	1	1	0	28	9422	0	1
1757	2	1	1	0	28	9422	0	1
1758	2	1	1	0	28	9422	0	1
1759	2	1	1	0	28	9422	0	1
1760	2	1	1	0	28	9422	0	1
1765	2	1	1	0	28	9422	0	1
1766	2	1	1	0	28	9422	0	1
1767	2	1	1	0	28	9422	0	1
1768	2	1	1	0	28	9422	0	1
1769	2	1	1	0	28	9422	0	1
1770	2	1	1	0	28	9422	0	1
1771	2	1	1	0	28	9422	0	1
1772	2	1	1	0	28	9422	0	1
1777	2	1	1	0	28	9422	0	1
1778	2	1	1	0	28	9422	0	1
1779	2	1	1	0	28	9422	0	1
1780	2	1	1	0	28	9422	0	1
1781	2	1	1	0	28	9422	0	1
1782	2	1	1	0	28	9422	0	1
1783	2	1	1	0	28	9422	0	1
1784	2	1	1	0	28	9422	0	1
1785	2	1	1	0	28	9422	0	1
1786	2	1	1	0	28	9422	0	1
1787	1	1	1	0	28	9422	0	1
1787	2	1	1	0	28	9422	0	1
1788	2	1	1	0	28	9422	0	1
1789	2	1	1	0	28	9422	0	1
1790	2	1	1	0	28	9422	0	1
1791	2	1	1	0	28	9422	0	1
1792	2	1	1	0	28	9422	0	1
1793	2	1	1	0	28	9422	0	1
1794	2	1	1	0	28	9422	0	1
1795	2	1	1	0	28	9422	0	1
1796	2	1	1	0	28	9422	0	1
1797	2	1	1	0	28	9422	0	1
1798	1	1	1	0	28	9422	0	1
1798	2	1	1	0	28	9422	0	1
1803	2	1	1	0	28	9422	0	1
1804	2	1	1	0	28	9422	0	1
1805	2	1	1	0	28	9422	0	1
1806	2	1	1	0	28	9422	0	1
1807	2	1	1	0	28	9422	0	1
1808	2	1	1	0	28	9422	0	1
1809	2	1	1	0	28	9422	0	1
1810	2	1	1	0	28	9422	0	1
1815	2	1	1	0	28	9422	0	1
1816	2	1	1	0	28	9422	0	1
1817	2	1	1	0	28	9422	0	1
1818	2	1	1	0	28	9422	0	1
1819	2	1	1	0	28	9422	0	1
1820	2	1	1	0	28	9422	0	1
1821	2	1	1	0	28	9422	0	1
1822	2	1	1	0	28	9422	0	1
1823	2	1	1	0	28	9422	0	1
1824	2	1	1	0	28	9422	0	1
1825	2	1	1	0	28	9422	0	1
1826	2	1	1	0	28	9422	0	1
1827	2	1	1	0	28	9422	0	1
1828	2	1	1	0	28	9422	0	1
1829	2	1	1	0	28	9422	0	1
1830	2	1	1	0	28	9422	0	1
1831	2	1	1	0	28	9422	0	1
1832	2	1	1	0	28	9422	0	1
1833	2	1	1	0	28	9422	0	1
1834	2	1	1	0	28	9422	0	1
1835	1	1	1	0	28	9422	0	1
1835	2	1	1	0	28	9422	0	1
1836	2	1	1	0	28	9422	0	1
1837	2	1	1	0	28	9422	0	1
1838	2	1	1	0	28	9422	0	1
1839	2	1	1	0	28	9422	0	1
1840	2	1	1	0	28	9422	0	1
1841	2	1	1	0	28	9422	0	1
1842	2	1	1	0	28	9422	0	1
1847	2	1	1	0	28	9422	0	1
1848	2	1	1	0	28	9422	0	1
1849	2	1	1	0	28	9422	0	1
1850	2	1	1	0	28	9422	0	1
1851	2	1	1	0	28	9422	0	1
1852	2	1	1	0	28	9422	0	1
1853	2	1	1	0	28	9422	0	1
1854	2	1	1	0	28	9422	0	1
1859	2	1	1	0	28	9422	0	1
1860	2	1	1	0	28	9422	0	1
1861	2	1	1	0	28	9422	0	1
1862	2	1	1	0	28	9422	0	1
1863	2	1	1	0	28	9422	0	1
1864	2	1	1	0	28	9422	0	1
1865	2	1	1	0	28	9422	0	1
1866	2	1	1	0	28	9422	0	1
1867	2	1	1	0	28	9422	0	1
1868	2	1	1	0	28	9422	0	1
1869	1	1	1	0	28	9422	0	1
1869	2	1	1	0	28	9422	0	1
1870	2	1	1	0	28	9422	0	1
1871	2	1	1	0	28	9422	0	1
1872	2	1	1	0	28	9422	0	1
1873	2	1	1	0	28	9422	0	1
1874	2	1	1	0	28	9422	0	1
1875	2	1	1	0	28	9422	0	1
1876	2	1	1	0	28	9422	0	1
1877	2	1	1	0	28	9422	0	1
1878	2	1	1	0	28	9422	0	1
1879	2	1	1	0	28	9422	0	1
1880	1	1	1	0	28	9422	0	1
1880	2	1	1	0	28	9422	0	1
1881	2	1	1	0	28	9422	0	1
1886	2	1	1	0	28	9422	0	1
1887	2	1	1	0	28	9422	0	1
1888	2	1	1	0	28	9422	0	1
1889	2	1	1	0	28	9422	0	1
1890	2	1	1	0	28	9422	0	1
1891	2	1	1	0	28	9422	0	1
1892	2	1	1	0	28	9422	0	1
1893	2	1	1	0	28	9422	0	1
1898	2	1	1	0	28	9422	0	1
1899	2	1	1	0	28	9422	0	1
1900	2	1	1	0	28	9422	0	1
1901	2	1	1	0	28	9422	0	1
1902	2	1	1	0	28	9422	0	1
1903	2	1	1	0	28	9422	0	1
1904	2	1	1	0	28	9422	0	1
1905	2	1	1	0	28	9422	0	1
1906	2	1	1	0	28	9422	0	1
1907	2	1	1	0	28	9422	0	1
1908	1	1	1	0	28	9422	0	1
1908	2	1	1	0	28	9422	0	1
1909	2	1	1	0	28	9422	0	1
1910	2	1	1	0	28	9422	0	1
1911	2	1	1	0	28	9422	0	1
1912	2	1	1	0	28	9422	0	1
1913	2	1	1	0	28	9422	0	1
1914	2	1	1	0	28	9422	0	1
1915	2	1	1	0	28	9422	0	1
1916	2	1	1	0	28	9422	0	1
1917	2	1	1	0	28	9422	0	1
1918	2	1	1	0	28	9422	0	1
1919	1	1	1	0	28	9422	0	1
1919	2	1	1	0	28	9422	0	1
1920	2	1	1	0	28	9422	0	1
1921	2	1	1	0	28	9422	0	1
1922	2	1	1	0	28	9422	0	1
1923	2	1	1	0	28	9422	0	1
1924	2	1	1	0	28	9422	0	1
1925	2	1	1	0	28	9422	0	1
1926	2	1	1	0	28	9422	0	1
1931	2	1	1	0	28	9422	0	1
1932	2	1	1	0	28	9422	0	1
1933	2	1	1	0	28	9422	0	1
1934	2	1	1	0	28	9422	0	1
1935	2	1	1	0	28	9422	0	1
1936	2	1	1	0	28	9422	0	1
1937	2	1	1	0	28	9422	0	1
1938	2	1	1	0	28	9422	0	1
1943	2	1	1	0	28	9422	0	1
1944	2	1	1	0	28	9422	0	1
1945	2	1	1	0	28	9422	0	1
1946	2	1	1	0	28	9422	0	1
1947	2	1	1	0	28	9422	0	1
1948	2	1	1	0	28	9422	0	1
1949	2	1	1	0	28	9422	0	1
1950	2	1	1	0	28	9422	0	1
1951	2	1	1	0	28	9422	0	1
1952	2	1	1	0	28	9422	0	1
1953	1	1	1	0	28	9422	0	1
1953	2	1	1	0	28	9422	0	1
1954	2	1	1	0	28	9422	0	1
1955	2	1	1	0	28	9422	0	1
1956	2	1	1	0	28	9422	0	1
1957	2	1	1	0	28	9422	0	1
1958	2	1	1	0	28	9422	0	1
1959	2	1	1	0	28	9422	0	1
1960	2	1	1	0	28	9422	0	1
1961	2	1	1	0	28	9422	0	1
1962	2	1	1	0	28	9422	0	1
1963	2	1	1	0	28	9422	0	1
1964	1	1	1	0	28	9422	0	1
1964	2	1	1	0	28	9422	0	1
1969	2	1	1	0	28	9422	0	1
1970	2	1	1	0	28	9422	0	1
1971	2	1	1	0	28	9422	0	1
1972	2	1	1	0	28	9422	0	1
1973	2	1	1	0	28	9422	0	1
1974	2	1	1	0	28	9422	0	1
1975	2	1	1	0	28	9422	0	1
1976	2	1	1	0	28	9422	0	1
1981	2	1	1	0	28	9422	0	1
1982	2	1	1	0	28	9422	0	1
1983	2	1	1	0	28	9422	0	1
1984	2	1	1	0	28	9422	0	1
1985	2	1	1	0	28	9422	0	1
1986	2	1	1	0	28	9422	0	1
1987	2	1	1	0	28	9422	0	1
1988	2	1	1	0	28	9422	0	1
1989	2	1	1	0	28	9422	0	1
1990	2	1	1	0	28	9422	0	1
1991	2	1	1	0	28	9422	0	1
1992	2	1	1	0	28	9422	0	1
1993	2	1	1	0	28	9422	0	1
1994	2	1	1	0	28	9422	0	1
1995	2	1	1	0	28	9422	0	1
1996	2	1	1	0	28	9422	0	1
1997	2	1	1	0	28	9422	0	1
1998	2	1	1	0	28	9422	0	1
1999	2	1	1	0	28	9422	0	1
2000	2	1	1	0	28	9422	0	1
2001	1	1	1	0	28	9422	0	1
2001	2	1	1	0	28	9422	0	1
2002	2	1	1	0	28	9422	0	1
2003	2	1	1	0	28	9422	0	1
2004	2	1	1	0	28	9422	0	1
2005	2	1	1	0	28	9422	0	1
2006	2	1	1	0	28	9422	0	1
2007	2	1	1	0	28	9422	0	1
2008	2	1	1	0	28	9422	0	1
2013	2	1	1	0	28	9422	0	1
2014	2	1	1	0	28	9422	0	1
2015	2	1	1	0	28	9422	0	1
2016	2	1	1	0	28	9422	0	1
2017	2	1	1	0	28	9422	0	1
2018	2	1	1	0	28	9422	0	1
2019	2	1	1	0	28	9422	0	1
2020	2	1	1	0	28	9422	0	1
2025	2	1	1	0	28	9422	0	1
2026	2	1	1	0	28	9422	0	1
2027	2	1	1	0	28	9422	0	1
2028	2	1	1	0	28	9422	0	1
2029	2	1	1	0	28	9422	0	1
2030	2	1	1	0	28	9422	0	1
2031	2	1	1	0	28	9422	0	1
2032	2	1	1	0	28	9422	0	1
2033	2	1	1	0	28	9422	0	1
2034	2	1	1	0	28	9422	0	1
2035	1	1	1	0	28	9422	0	1
2035	2	1	1	0	28	9422	0	1
2036	2	1	1	0	28	9422	0	1
2037	2	1	1	0	28	9422	0	1
2038	2	1	1	0	28	9422	0	1
2039	2	1	1	0	28	9422	0	1
2040	2	1	1	0	28	9422	0	1
2041	2	1	1	0	28	9422	0	1
2042	2	1	1	0	28	9422	0	1
2043	2	1	1	0	28	9422	0	1
2044	2	1	1	0	28	9422	0	1
2045	2	1	1	0	28	9422	0	1
2046	1	1	1	0	28	9422	0	1
2046	2	1	1	0	28	9422	0	1
2047	2	1	1	0	28	9422	0	1
2052	2	1	1	0	28	9422	0	1
2053	2	1	1	0	28	9422	0	1
2054	2	1	1	0	28	9422	0	1
2055	2	1	1	0	28	9422	0	1
2056	2	1	1	0	28	9422	0	1
2057	2	1	1	0	28	9422	0	1
2058	2	1	1	0	28	9422	0	1
2059	2	1	1	0	28	9422	0	1
2064	2	1	1	0	28	9422	0	1
2065	2	1	1	0	28	9422	0	1
2066	2	1	1	0	28	9422	0	1
2067	2	1	1	0	28	9422	0	1
2068	2	1	1	0	28	9422	0	1
2069	2	1	1	0	28	9422	0	1
2070	2	1	1	0	28	9422	0	1
2071	2	1	1	0	28	9422	0	1
2072	2	1	1	0	28	9422	0	1
2073	2	1	1	0	28	9422	0	1
2074	2	1	1	0	28	9422	0	1
2075	2	1	1	0	28	9422	0	1
2076	2	1	1	0	28	9422	0	1
2077	2	1	1	0	28	9422	0	1
2078	2	1	1	0	28	9422	0	1
2079	2	1	1	0	28	9422	0	1
2080	2	1	1	0	28	9422	0	1
2081	2	1	1	0	28	9422	0	1
2082	2	1	1	0	28	9422	0	1
2083	2	1	1	0	28	9422	0	1
2084	2	1	1	0	28	9422	0	1
2085	2	1	1	0	28	9422	0	1
2086	2	1	1	0	28	9422	0	1
2087	2	1	1	0	28	9422	0	1
2088	2	1	1	0	28	9422	0	1
2089	1	1	1	0	28	9422	0	1
2089	2	1	1	0	28	9422	0	1
2090	2	1	1	0	28	9422	0	1
2091	2	1	1	0	28	9422	0	1
2092	2	1	1	0	28	9422	0	1
2093	2	1	1	0	28	9422	0	1
2094	2	1	1	0	28	9422	0	1
2095	2	1	1	0	28	9422	0	1
2096	2	1	1	0	28	9422	0	1
2101	2	1	1	0	28	9422	0	1
2102	2	1	1	0	28	9422	0	1
2103	2	1	1	0	28	9422	0	1
2104	2	1	1	0	28	9422	0	1
2105	2	1	1	0	28	9422	0	1
2106	2	1	1	0	28	9422	0	1
2107	2	1	1	0	28	9422	0	1
2108	2	1	1	0	28	9422	0	1
2113	2	1	1	0	28	9422	0	1
2114	2	1	1	0	28	9422	0	1
2115	2	1	1	0	28	9422	0	1
2116	2	1	1	0	28	9422	0	1
2117	2	1	1	0	28	9422	0	1
2118	2	1	1	0	28	9422	0	1
2119	2	1	1	0	28	9422	0	1
2120	2	1	1	0	28	9422	0	1
2121	2	1	1	0	28	9422	0	1
2122	2	1	1	0	28	9422	0	1
2123	2	1	1	0	28	9422	0	1
2124	2	1	1	0	28	9422	0	1
2125	2	1	1	0	28	9422	0	1
2126	2	1	1	0	28	9422	0	1
2127	2	1	1	0	28	9422	0	1
2128	2	1	1	0	28	9422	0	1
2129	2	1	1	0	28	9422	0	1
2130	1	1	1	0	28	9422	0	1
2130	2	1	1	0	28	9422	0	1
2131	2	1	1	0	28	9422	0	1
2132	2	1	1	0	28	9422	0	1
2133	2	1	1	0	28	9422	0	1
2134	2	1	1	0	28	9422	0	1
2135	2	1	1	0	28	9422	0	1
2136	2	1	1	0	28	9422	0	1
2137	2	1	1	0	28	9422	0	1
2138	2	1	1	0	28	9422	0	1
2143	2	1	1	0	28	9422	0	1
2144	2	1	1	0	28	9422	0	1
2145	2	1	1	0	28	9422	0	1
2146	2	1	1	0	28	9422	0	1
2147	2	1	1	0	28	9422	0	1
2148	2	1	1	0	28	9422	0	1
2149	2	1	1	0	28	9422	0	1
2150	2	1	1	0	28	9422	0	1
2155	2	1	1	0	28	9422	0	1
2156	2	1	1	0	28	9422	0	1
2157	2	1	1	0	28	9422	0	1
2158	2	1	1	0	28	9422	0	1
2159	2	1	1	0	28	9422	0	1
2160	2	1	1	0	28	9422	0	1
2161	2	1	1	0	28	9422	0	1
2162	2	1	1	0	28	9422	0	1
2163	2	1	1	0	28	9422	0	1
2164	2	1	1	0	28	9422	0	1
2165	1	1	1	0	28	9422	0	1
2165	2	1	1	0	28	9422	0	1
2166	2	1	1	0	28	9422	0	1
2167	2	1	1	0	28	9422	0	1
2168	2	1	1	0	28	9422	0	1
2169	2	1	1	0	28	9422	0	1
2170	2	1	1	0	28	9422	0	1
2171	2	1	1	0	28	9422	0	1
2172	2	1	1	0	28	9422	0	1
2173	2	1	1	0	28	9422	0	1
2174	2	1	1	0	28	9422	0	1
2175	2	1	1	0	28	9422	0	1
2176	1	1	1	0	28	9422	0	1
2176	2	1	1	0	28	9422	0	1
2177	2	1	1	0	28	9422	0	1
2178	2	1	1	0	28	9422	0	1
2179	2	1	1	0	28	9422	0	1
2184	2	1	1	0	28	9422	0	1
2185	2	1	1	0	28	9422	0	1
2186	2	1	1	0	28	9422	0	1
2187	2	1	1	0	28	9422	0	1
2188	2	1	1	0	28	9422	0	1
2189	2	1	1	0	28	9422	0	1
2190	2	1	1	0	28	9422	0	1
2191	2	1	1	0	28	9422	0	1
2196	2	1	1	0	28	9422	0	1
2197	2	1	1	0	28	9422	0	1
2198	2	1	1	0	28	9422	0	1
2199	2	1	1	0	28	9422	0	1
2200	2	1	1	0	28	9422	0	1
2201	2	1	1	0	28	9422	0	1
2202	2	1	1	0	28	9422	0	1
2203	2	1	1	0	28	9422	0	1
2204	2	1	1	0	28	9422	0	1
2205	2	1	1	0	28	9422	0	1
2206	2	1	1	0	28	9422	0	1
2207	2	1	1	0	28	9422	0	1
2208	2	1	1	0	28	9422	0	1
2209	2	1	1	0	28	9422	0	1
2210	2	1	1	0	28	9422	0	1
2211	2	1	1	0	28	9422	0	1
2212	2	1	1	0	28	9422	0	1
2213	2	1	1	0	28	9422	0	1
2214	2	1	1	0	28	9422	0	1
2215	2	1	1	0	28	9422	0	1
2216	2	1	1	0	28	9422	0	1
2217	2	1	1	0	28	9422	0	1
2218	2	1	1	0	28	9422	0	1
2219	2	1	1	0	28	9422	0	1
2220	1	1	1	0	28	9422	0	1
2220	2	1	1	0	28	9422	0	1
2221	2	1	1	0	28	9422	0	1
2222	2	1	1	0	28	9422	0	1
2223	2	1	1	0	28	9422	0	1
2224	2	1	1	0	28	9422	0	1
2225	2	1	1	0	28	9422	0	1
2230	2	1	1	0	28	9422	0	1
2231	2	1	1	0	28	9422	0	1
2232	2	1	1	0	28	9422	0	1
2233	2	1	1	0	28	9422	0	1
2234	2	1	1	0	28	9422	0	1
2235	2	1	1	0	28	9422	0	1
2236	2	1	1	0	28	9422	0	1
2237	2	1	1	0	28	9422	0	1
2242	2	1	1	0	28	9422	0	1
2243	2	1	1	0	28	9422	0	1
2244	2	1	1	0	28	9422	0	1
2245	2	1	1	0	28	9422	0	1
2246	2	1	1	0	28	9422	0	1
2247	2	1	1	0	28	9422	0	1
2248	2	1	1	0	28	9422	0	1
2249	2	1	1	0	28	9422	0	1
2250	2	1	1	0	28	9422	0	1
2251	2	1	1	0	28	9422	0	1
2252	1	1	1	0	28	9422	0	1
2252	2	1	1	0	28	9422	0	1
2253	2	1	1	0	28	9422	0	1
2254	2	1	1	0	28	9422	0	1
2255	2	1	1	0	28	9422	0	1
2256	2	1	1	0	28	9422	0	1
2257	2	1	1	0	28	9422	0	1
2258	2	1	1	0	28	9422	0	1
2259	2	1	1	0	28	9422	0	1
2260	2	1	1	0	28	9422	0	1
2261	2	1	1	0	28	9422	0	1
2262	2	1	1	0	28	9422	0	1
2263	2	1	1	0	28	9422	0	1
2264	2	1	1	0	28	9422	0	1
2265	2	1	1	0	28	9422	0	1
2266	2	1	1	0	28	9422	0	1
2267	1	1	1	0	28	9422	0	1
2267	2	1	1	0	28	9422	0	1
2268	2	1	1	0	28	9422	0	1
2269	2	1	1	0	28	9422	0	1
2270	2	1	1	0	28	9422	0	1
2271	2	1	1	0	28	9422	0	1
2272	2	1	1	0	28	9422	0	1
2273	2	1	1	0	28	9422	0	1
2274	2	1	1	0	28	9422	0	1
2279	2	1	1	0	28	9422	0	1
2280	2	1	1	0	28	9422	0	1
2281	2	1	1	0	28	9422	0	1
2282	2	1	1	0	28	9422	0	1
2283	2	1	1	0	28	9422	0	1
2284	2	1	1	0	28	9422	0	1
2285	2	1	1	0	28	9422	0	1
2286	2	1	1	0	28	9422	0	1
2291	2	1	1	0	28	9422	0	1
2292	2	1	1	0	28	9422	0	1
2293	2	1	1	0	28	9422	0	1
2294	2	1	1	0	28	9422	0	1
2295	2	1	1	0	28	9422	0	1
2296	2	1	1	0	28	9422	0	1
2297	2	1	1	0	28	9422	0	1
2298	2	1	1	0	28	9422	0	1
2299	2	1	1	0	28	9422	0	1
2300	2	1	1	0	28	9422	0	1
2301	1	1	1	0	28	9422	0	1
2301	2	1	1	0	28	9422	0	1
2302	2	1	1	0	28	9422	0	1
2303	2	1	1	0	28	9422	0	1
2304	2	1	1	0	28	9422	0	1
2305	2	1	1	0	28	9422	0	1
2306	2	1	1	0	28	9422	0	1
2307	2	1	1	0	28	9422	0	1
2308	2	1	1	0	28	9422	0	1
2309	2	1	1	0	28	9422	0	1
2310	2	1	1	0	28	9422	0	1
2311	2	1	1	0	28	9422	0	1
2316	2	1	1	0	28	9422	0	1
2317	2	1	1	0	28	9422	0	1
2318	2	1	1	0	28	9422	0	1
2319	2	1	1	0	28	9422	0	1
2320	2	1	1	0	28	9422	0	1
2321	2	1	1	0	28	9422	0	1
2322	2	1	1	0	28	9422	0	1
2323	2	1	1	0	28	9422	0	1
2328	2	1	1	0	28	9422	0	1
2329	2	1	1	0	28	9422	0	1
2330	2	1	1	0	28	9422	0	1
2331	2	1	1	0	28	9422	0	1
2332	2	1	1	0	28	9422	0	1
2333	2	1	1	0	28	9422	0	1
2334	2	1	1	0	28	9422	0	1
2335	2	1	1	0	28	9422	0	1
2336	2	1	1	0	28	9422	0	1
2337	2	1	1	0	28	9422	0	1
2338	1	1	1	0	28	9422	0	1
2338	2	1	1	0	28	9422	0	1
2339	2	1	1	0	28	9422	0	1
2340	2	1	1	0	28	9422	0	1
2341	2	1	1	0	28	9422	0	1
2342	2	1	1	0	28	9422	0	1
2343	2	1	1	0	28	9422	0	1
2344	2	1	1	0	28	9422	0	1
2345	2	1	1	0	28	9422	0	1
2346	2	1	1	0	28	9422	0	1
2347	2	1	1	0	28	9422	0	1
2348	2	1	1	0	28	9422	0	1
2349	1	1	1	0	28	9422	0	1
2349	2	1	1	0	28	9422	0	1
2350	2	1	1	0	28	9422	0	1
2355	2	1	1	0	28	9422	0	1
2356	2	1	1	0	28	9422	0	1
2357	2	1	1	0	28	9422	0	1
2358	2	1	1	0	28	9422	0	1
2359	2	1	1	0	28	9422	0	1
2360	2	1	1	0	28	9422	0	1
2361	2	1	1	0	28	9422	0	1
2362	2	1	1	0	28	9422	0	1
2367	2	1	1	0	28	9422	0	1
2368	2	1	1	0	28	9422	0	1
2369	2	1	1	0	28	9422	0	1
2370	2	1	1	0	28	9422	0	1
2371	2	1	1	0	28	9422	0	1
2372	2	1	1	0	28	9422	0	1
2373	2	1	1	0	28	9422	0	1
2374	2	1	1	0	28	9422	0	1
2375	2	1	1	0	28	9422	0	1
2376	2	1	1	0	28	9422	0	1
2377	1	1	1	0	28	9422	0	1
2377	2	1	1	0	28	9422	0	1
2378	2	1	1	0	28	9422	0	1
2379	2	1	1	0	28	9422	0	1
2380	2	1	1	0	28	9422	0	1
2381	2	1	1	0	28	9422	0	1
2382	2	1	1	0	28	9422	0	1
2383	2	1	1	0	28	9422	0	1
2384	2	1	1	0	28	9422	0	1
2385	2	1	1	0	28	9422	0	1
2386	2	1	1	0	28	9422	0	1
2387	2	1	1	0	28	9422	0	1
2388	1	1	1	0	28	9422	0	1
2388	2	1	1	0	28	9422	0	1
2389	2	1	1	0	28	9422	0	1
2394	2	1	1	0	28	9422	0	1
2395	2	1	1	0	28	9422	0	1
2396	2	1	1	0	28	9422	0	1
2397	2	1	1	0	28	9422	0	1
2398	2	1	1	0	28	9422	0	1
2399	2	1	1	0	28	9422	0	1
2400	2	1	1	0	28	9422	0	1
2401	2	1	1	0	28	9422	0	1
2405	2	1	1	0	28	9422	0	1
2406	2	1	1	0	28	9422	0	1
2407	2	1	1	0	28	9422	0	1
2408	2	1	1	0	28	9422	0	1
2409	2	1	1	0	28	9422	0	1
2410	2	1	1	0	28	9422	0	1
2411	2	1	1	0	28	9422	0	1
2412	2	1	1	0	28	9422	0	1
2413	2	1	1	0	28	9422	0	1
2414	1	1	1	0	28	9422	0	1
2414	2	1	1	0	28	9422	0	1
2415	2	1	1	0	28	9422	0	1
2416	2	1	1	0	28	9422	0	1
2417	2	1	1	0	28	9422	0	1
2418	2	1	1	0	28	9422	0	1
2419	2	1	1	0	28	9422	0	1
2420	2	1	1	0	28	9422	0	1
2421	2	1	1	0	28	9422	0	1
2422	2	1	1	0	28	9422	0	1
2423	2	1	1	0	28	9422	0	1
2424	2	1	1	0	28	9422	0	1
2429	2	1	1	0	28	9422	0	1
2430	2	1	1	0	28	9422	0	1
2431	2	1	1	0	28	9422	0	1
2432	2	1	1	0	28	9422	0	1
2433	2	1	1	0	28	9422	0	1
2434	2	1	1	0	28	9422	0	1
2435	2	1	1	0	28	9422	0	1
2436	2	1	1	0	28	9422	0	1
2441	2	1	1	0	28	9422	0	1
2442	2	1	1	0	28	9422	0	1
2443	2	1	1	0	28	9422	0	1
2444	2	1	1	0	28	9422	0	1
2445	2	1	1	0	28	9422	0	1
2446	2	1	1	0	28	9422	0	1
2447	2	1	1	0	28	9422	0	1
2448	2	1	1	0	28	9422	0	1
2449	2	1	1	0	28	9422	0	1
2450	1	1	1	0	28	9422	0	1
2450	2	1	1	0	28	9422	0	1
2451	2	1	1	0	28	9422	0	1
2452	2	1	1	0	28	9422	0	1
2453	2	1	1	0	28	9422	0	1
2454	2	1	1	0	28	9422	0	1
2455	2	1	1	0	28	9422	0	1
2456	2	1	1	0	28	9422	0	1
2457	2	1	1	0	28	9422	0	1
2458	2	1	1	0	28	9422	0	1
2459	2	1	1	0	28	9422	0	1
2460	2	1	1	0	28	9422	0	1
2461	1	1	1	0	28	9422	0	1
2461	2	1	1	0	28	9422	0	1
2466	2	1	1	0	28	9422	0	1
2467	2	1	1	0	28	9422	0	1
2468	2	1	1	0	28	9422	0	1
2469	2	1	1	0	28	9422	0	1
2470	2	1	1	0	28	9422	0	1
2471	2	1	1	0	28	9422	0	1
2472	2	1	1	0	28	9422	0	1
2473	2	1	1	0	28	9422	0	1
2477	2	1	1	0	28	9422	0	1
2478	2	1	1	0	28	9422	0	1
2479	2	1	1	0	28	9422	0	1
2480	2	1	1	0	28	9422	0	1
2481	2	1	1	0	28	9422	0	1
2482	2	1	1	0	28	9422	0	1
2483	2	1	1	0	28	9422	0	1
2484	2	1	1	0	28	9422	0	1
2485	2	1	1	0	28	9422	0	1
2486	1	1	1	0	28	9422	0	1
2486	2	1	1	0	28	9422	0	1
2487	2	1	1	0	28	9422	0	1
2488	2	1	1	0	28	9422	0	1
2489	2	1	1	0	28	9422	0	1
2490	2	1	1	0	28	9422	0	1
2491	2	1	1	0	28	9422	0	1
2492	2	1	1	0	28	9422	0	1
2493	2	1	1	0	28	9422	0	1
2494	2	1	1	0	28	9422	0	1
2495	2	1	1	0	28	9422	0	1
2496	2	1	1	0	28	9422	0	1
2501	2	1	1	0	28	9422	0	1
2502	2	1	1	0	28	9422	0	1
2503	2	1	1	0	28	9422	0	1
2504	2	1	1	0	28	9422	0	1
2505	2	1	1	0	28	9422	0	1
2506	2	1	1	0	28	9422	0	1
2507	2	1	1	0	28	9422	0	1
2508	2	1	1	0	28	9422	0	1
2513	2	1	1	0	28	9422	0	1
2514	2	1	1	0	28	9422	0	1
2515	2	1	1	0	28	9422	0	1
2516	2	1	1	0	28	9422	0	1
2517	2	1	1	0	28	9422	0	1
2518	2	1	1	0	28	9422	0	1
2519	2	1	1	0	28	9422	0	1
2520	2	1	1	0	28	9422	0	1
2521	2	1	1	0	28	9422	0	1
2522	1	1	1	0	28	9422	0	1
2522	2	1	1	0	28	9422	0	1
2523	2	1	1	0	28	9422	0	1
2524	2	1	1	0	28	9422	0	1
2525	2	1	1	0	28	9422	0	1
2526	2	1	1	0	28	9422	0	1
2527	2	1	1	0	28	9422	0	1
2528	2	1	1	0	28	9422	0	1
2529	2	1	1	0	28	9422	0	1
2530	2	1	1	0	28	9422	0	1
2531	2	1	1	0	28	9422	0	1
2532	2	1	1	0	28	9422	0	1
2533	1	1	1	0	28	9422	0	1
2533	2	1	1	0	28	9422	0	1
2538	2	1	1	0	28	9422	0	1
2539	2	1	1	0	28	9422	0	1
2540	2	1	1	0	28	9422	0	1
2541	2	1	1	0	28	9422	0	1
2542	2	1	1	0	28	9422	0	1
2543	2	1	1	0	28	9422	0	1
2544	2	1	1	0	28	9422	0	1
2545	2	1	1	0	28	9422	0	1
2549	2	1	1	0	28	9422	0	1
2550	2	1	1	0	28	9422	0	1
2551	2	1	1	0	28	9422	0	1
2552	2	1	1	0	28	9422	0	1
2553	2	1	1	0	28	9422	0	1
2554	2	1	1	0	28	9422	0	1
2555	2	1	1	0	28	9422	0	1
2556	2	1	1	0	28	9422	0	1
2557	2	1	1	0	28	9422	0	1
2558	1	1	1	0	28	9422	0	1
2558	2	1	1	0	28	9422	0	1
2559	2	1	1	0	28	9422	0	1
2560	2	1	1	0	28	9422	0	1
2561	2	1	1	0	28	9422	0	1
2562	2	1	1	0	28	9422	0	1
2563	2	1	1	0	28	9422	0	1
2564	2	1	1	0	28	9422	0	1
2565	2	1	1	0	28	9422	0	1
2566	2	1	1	0	28	9422	0	1
2567	2	1	1	0	28	9422	0	1
2568	2	1	1	0	28	9422	0	1
2573	2	1	1	0	28	9422	0	1
2574	2	1	1	0	28	9422	0	1
2575	2	1	1	0	28	9422	0	1
2576	2	1	1	0	28	9422	0	1
2577	2	1	1	0	28	9422	0	1
2578	2	1	1	0	28	9422	0	1
2579	2	1	1	0	28	9422	0	1
2580	2	1	1	0	28	9422	0	1
2585	2	1	1	0	28	9422	0	1
2586	2	1	1	0	28	9422	0	1
2587	2	1	1	0	28	9422	0	1
2588	2	1	1	0	28	9422	0	1
2589	2	1	1	0	28	9422	0	1
2590	2	1	1	0	28	9422	0	1
2591	2	1	1	0	28	9422	0	1
2592	2	1	1	0	28	9422	0	1
2593	2	1	1	0	28	9422	0	1
2594	1	1	1	0	28	9422	0	1
2594	2	1	1	0	28	9422	0	1
2595	2	1	1	0	28	9422	0	1
2596	2	1	1	0	28	9422	0	1
2597	2	1	1	0	28	9422	0	1
2598	2	1	1	0	28	9422	0	1
2599	2	1	1	0	28	9422	0	1
2600	2	1	1	0	28	9422	0	1
2601	2	1	1	0	28	9422	0	1
2602	2	1	1	0	28	9422	0	1
2603	2	1	1	0	28	9422	0	1
2604	2	1	1	0	28	9422	0	1
2605	1	1	1	0	28	9422	0	1
2605	2	1	1	0	28	9422	0	1
2610	2	1	1	0	28	9422	0	1
2611	2	1	1	0	28	9422	0	1
2612	2	1	1	0	28	9422	0	1
2613	2	1	1	0	28	9422	0	1
2614	2	1	1	0	28	9422	0	1
2615	2	1	1	0	28	9422	0	1
2616	2	1	1	0	28	9422	0	1
2617	2	1	1	0	28	9422	0	1
2621	2	1	1	0	28	9422	0	1
2622	2	1	1	0	28	9422	0	1
2623	2	1	1	0	28	9422	0	1
2624	2	1	1	0	28	9422	0	1
2625	2	1	1	0	28	9422	0	1
2626	2	1	1	0	28	9422	0	1
2627	2	1	1	0	28	9422	0	1
2628	2	1	1	0	28	9422	0	1
2629	2	1	1	0	28	9422	0	1
2630	1	1	1	0	28	9422	0	1
2630	2	1	1	0	28	9422	0	1
2631	2	1	1	0	28	9422	0	1
2632	2	1	1	0	28	9422	0	1
2633	2	1	1	0	28	9422	0	1
2634	2	1	1	0	28	9422	0	1
2635	2	1	1	0	28	9422	0	1
2636	2	1	1	0	28	9422	0	1
2637	2	1	1	0	28	9422	0	1
2638	2	1	1	0	28	9422	0	1
2639	2	1	1	0	28	9422	0	1
2640	2	1	1	0	28	9422	0	1
2645	2	1	1	0	28	9422	0	1
2646	2	1	1	0	28	9422	0	1
2647	2	1	1	0	28	9422	0	1
2648	2	1	1	0	28	9422	0	1
2649	2	1	1	0	28	9422	0	1
2650	2	1	1	0	28	9422	0	1
2651	2	1	1	0	28	9422	0	1
2652	2	1	1	0	28	9422	0	1
2657	2	1	1	0	28	9422	0	1
2658	2	1	1	0	28	9422	0	1
2659	2	1	1	0	28	9422	0	1
2660	2	1	1	0	28	9422	0	1
2661	2	1	1	0	28	9422	0	1
2662	2	1	1	0	28	9422	0	1
2663	2	1	1	0	28	9422	0	1
2664	2	1	1	0	28	9422	0	1
2665	2	1	1	0	28	9422	0	1
2666	1	1	1	0	28	9422	0	1
2666	2	1	1	0	28	9422	0	1
2667	2	1	1	0	28	9422	0	1
2668	2	1	1	0	28	9422	0	1
2669	2	1	1	0	28	9422	0	1
2670	2	1	1	0	28	9422	0	1
2671	2	1	1	0	28	9422	0	1
2672	2	1	1	0	28	9422	0	1
2673	2	1	1	0	28	9422	0	1
2674	2	1	1	0	28	9422	0	1
2675	2	1	1	0	28	9422	0	1
2676	2	1	1	0	28	9422	0	1
2677	1	1	1	0	28	9422	0	1
2677	2	1	1	0	28	9422	0	1
2682	2	1	1	0	28	9422	0	1
2683	2	1	1	0	28	9422	0	1
2684	2	1	1	0	28	9422	0	1
2685	2	1	1	0	28	9422	0	1
2686	2	1	1	0	28	9422	0	1
2687	2	1	1	0	28	9422	0	1
2688	2	1	1	0	28	9422	0	1
2689	2	1	1	0	28	9422	0	1
2693	2	1	1	0	28	9422	0	1
2694	2	1	1	0	28	9422	0	1
2695	2	1	1	0	28	9422	0	1
2696	2	1	1	0	28	9422	0	1
2697	2	1	1	0	28	9422	0	1
2698	2	1	1	0	28	9422	0	1
2699	2	1	1	0	28	9422	0	1
2700	2	1	1	0	28	9422	0	1
2701	2	1	1	0	28	9422	0	1
2702	1	1	1	0	28	9422	0	1
2702	2	1	1	0	28	9422	0	1
2703	2	1	1	0	28	9422	0	1
2704	2	1	1	0	28	9422	0	1
2705	2	1	1	0	28	9422	0	1
2706	2	1	1	0	28	9422	0	1
2707	2	1	1	0	28	9422	0	1
2708	2	1	1	0	28	9422	0	1
2709	2	1	1	0	28	9422	0	1
2710	2	1	1	0	28	9422	0	1
2711	2	1	1	0	28	9422	0	1
2712	2	1	1	0	28	9422	0	1
2717	2	1	1	0	28	9422	0	1
2718	2	1	1	0	28	9422	0	1
2719	2	1	1	0	28	9422	0	1
2720	2	1	1	0	28	9422	0	1
2721	2	1	1	0	28	9422	0	1
2722	2	1	1	0	28	9422	0	1
2723	2	1	1	0	28	9422	0	1
2724	2	1	1	0	28	9422	0	1
2729	2	1	1	0	28	9422	0	1
2730	2	1	1	0	28	9422	0	1
2731	2	1	1	0	28	9422	0	1
2732	2	1	1	0	28	9422	0	1
2733	2	1	1	0	28	9422	0	1
2734	2	1	1	0	28	9422	0	1
2735	2	1	1	0	28	9422	0	1
2736	2	1	1	0	28	9422	0	1
2737	2	1	1	0	28	9422	0	1
2738	1	1	1	0	28	9422	0	1
2738	2	1	1	0	28	9422	0	1
2739	2	1	1	0	28	9422	0	1
2740	2	1	1	0	28	9422	0	1
2741	2	1	1	0	28	9422	0	1
2742	2	1	1	0	28	9422	0	1
2743	2	1	1	0	28	9422	0	1
2744	2	1	1	0	28	9422	0	1
2745	2	1	1	0	28	9422	0	1
2746	2	1	1	0	28	9422	0	1
2747	2	1	1	0	28	9422	0	1
2748	2	1	1	0	28	9422	0	1
2749	1	1	1	0	28	9422	0	1
2749	2	1	1	0	28	9422	0	1
2754	2	1	1	0	28	9422	0	1
2755	2	1	1	0	28	9422	0	1
2756	2	1	1	0	28	9422	0	1
2757	2	1	1	0	28	9422	0	1
2758	2	1	1	0	28	9422	0	1
2759	2	1	1	0	28	9422	0	1
2760	2	1	1	0	28	9422	0	1
2761	2	1	1	0	28	9422	0	1
2765	2	1	1	0	28	9422	0	1
2766	2	1	1	0	28	9422	0	1
2767	2	1	1	0	28	9422	0	1
2768	2	1	1	0	28	9422	0	1
2769	2	1	1	0	28	9422	0	1
2770	2	1	1	0	28	9422	0	1
2771	2	1	1	0	28	9422	0	1
2772	2	1	1	0	28	9422	0	1
2773	2	1	1	0	28	9422	0	1
2774	1	1	1	0	28	9422	0	1
2774	2	1	1	0	28	9422	0	1
2775	2	1	1	0	28	9422	0	1
2776	2	1	1	0	28	9422	0	1
2777	2	1	1	0	28	9422	0	1
2778	2	1	1	0	28	9422	0	1
2779	2	1	1	0	28	9422	0	1
2780	2	1	1	0	28	9422	0	1
2781	2	1	1	0	28	9422	0	1
2782	2	1	1	0	28	9422	0	1
2783	2	1	1	0	28	9422	0	1
2784	2	1	1	0	28	9422	0	1
2789	2	1	1	0	28	9422	0	1
2790	2	1	1	0	28	9422	0	1
2791	2	1	1	0	28	9422	0	1
2792	2	1	1	0	28	9422	0	1
2793	2	1	1	0	28	9422	0	1
2794	2	1	1	0	28	9422	0	1
2795	2	1	1	0	28	9422	0	1
2796	2	1	1	0	28	9422	0	1
2801	2	1	1	0	28	9422	0	1
2802	2	1	1	0	28	9422	0	1
2803	2	1	1	0	28	9422	0	1
2804	2	1	1	0	28	9422	0	1
2805	2	1	1	0	28	9422	0	1
2806	2	1	1	0	28	9422	0	1
2807	2	1	1	0	28	9422	0	1
2808	2	1	1	0	28	9422	0	1
2809	2	1	1	0	28	9422	0	1
2810	1	1	1	0	28	9422	0	1
2810	2	1	1	0	28	9422	0	1
2811	2	1	1	0	28	9422	0	1
2812	2	1	1	0	28	9422	0	1
2813	2	1	1	0	28	9422	0	1
2814	2	1	1	0	28	9422	0	1
2815	2	1	1	0	28	9422	0	1
2816	2	1	1	0	28	9422	0	1
2817	2	1	1	0	28	9422	0	1
2818	2	1	1	0	28	9422	0	1
2819	2	1	1	0	28	9422	0	1
2820	2	1	1	0	28	9422	0	1
2821	1	1	1	0	28	9422	0	1
2821	2	1	1	0	28	9422	0	1
2826	2	1	1	0	28	9422	0	1
2827	2	1	1	0	28	9422	0	1
2828	2	1	1	0	28	9422	0	1
2829	2	1	1	0	28	9422	0	1
2830	2	1	1	0	28	9422	0	1
2831	2	1	1	0	28	9422	0	1
2832	2	1	1	0	28	9422	0	1
2833	2	1	1	0	28	9422	0	1
2837	2	1	1	0	28	9422	0	1
2838	2	1	1	0	28	9422	0	1
2839	2	1	1	0	28	9422	0	1
2840	2	1	1	0	28	9422	0	1
2841	2	1	1	0	28	9422	0	1
2842	2	1	1	0	28	9422	0	1
2843	2	1	1	0	28	9422	0	1
2844	2	1	1	0	28	9422	0	1
2845	2	1	1	0	28	9422	0	1
2846	1	1	1	0	28	9422	0	1
2846	2	1	1	0	28	9422	0	1
2847	2	1	1	0	28	9422	0	1
2848	2	1	1	0	28	9422	0	1
2849	2	1	1	0	28	9422	0	1
2850	2	1	1	0	28	9422	0	1
2851	2	1	1	0	28	9422	0	1
2852	2	1	1	0	28	9422	0	1
2853	2	1	1	0	28	9422	0	1
2854	2	1	1	0	28	9422	0	1
2855	2	1	1	0	28	9422	0	1
2856	2	1	1	0	28	9422	0	1
2861	2	1	1	0	28	9422	0	1
2862	2	1	1	0	28	9422	0	1
2863	2	1	1	0	28	9422	0	1
2864	2	1	1	0	28	9422	0	1
2865	2	1	1	0	28	9422	0	1
2866	2	1	1	0	28	9422	0	1
2867	2	1	1	0	28	9422	0	1
2868	2	1	1	0	28	9422	0	1
2873	2	1	1	0	28	9422	0	1
2874	2	1	1	0	28	9422	0	1
2875	2	1	1	0	28	9422	0	1
2876	2	1	1	0	28	9422	0	1
2877	2	1	1	0	28	9422	0	1
2878	2	1	1	0	28	9422	0	1
2879	2	1	1	0	28	9422	0	1
2880	2	1	1	0	28	9422	0	1
2881	2	1	1	0	28	9422	0	1
2882	1	1	1	0	28	9422	0	1
2882	2	1	1	0	28	9422	0	1
2883	2	1	1	0	28	9422	0	1
2884	2	1	1	0	28	9422	0	1
2885	2	1	1	0	28	9422	0	1
2886	2	1	1	0	28	9422	0	1
2887	2	1	1	0	28	9422	0	1
2888	2	1	1	0	28	9422	0	1
2889	2	1	1	0	28	9422	0	1
2890	2	1	1	0	28	9422	0	1
2891	2	1	1	0	28	9422	0	1
2892	2	1	1	0	28	9422	0	1
2893	1	1	1	0	28	9422	0	1
2893	2	1	1	0	28	9422	0	1
2898	2	1	1	0	28	9422	0	1
2899	2	1	1	0	28	9422	0	1
2900	2	1	1	0	28	9422	0	1
2901	2	1	1	0	28	9422	0	1
2902	2	1	1	0	28	9422	0	1
2903	2	1	1	0	28	9422	0	1
2904	2	1	1	0	28	9422	0	1
2905	2	1	1	0	28	9422	0	1
2909	2	1	1	0	28	9422	0	1
2910	2	1	1	0	28	9422	0	1
2911	2	1	1	0	28	9422	0	1
2912	2	1	1	0	28	9422	0	1
2913	2	1	1	0	28	9422	0	1
2914	2	1	1	0	28	9422	0	1
2915	2	1	1	0	28	9422	0	1
2916	2	1	1	0	28	9422	0	1
2917	2	1	1	0	28	9422	0	1
2918	1	1	1	0	28	9422	0	1
2918	2	1	1	0	28	9422	0	1
2919	2	1	1	0	28	9422	0	1
2920	2	1	1	0	28	9422	0	1
2921	2	1	1	0	28	9422	0	1
2922	2	1	1	0	28	9422	0	1
2923	2	1	1	0	28	9422	0	1
2924	2	1	1	0	28	9422	0	1
2925	2	1	1	0	28	9422	0	1
2926	2	1	1	0	28	9422	0	1
2927	2	1	1	0	28	9422	0	1
2928	2	1	1	0	28	9422	0	1
2933	2	1	1	0	28	9422	0	1
2934	2	1	1	0	28	9422	0	1
2935	2	1	1	0	28	9422	0	1
2936	2	1	1	0	28	9422	0	1
2937	2	1	1	0	28	9422	0	1
2938	2	1	1	0	28	9422	0	1
2939	2	1	1	0	28	9422	0	1
2940	2	1	1	0	28	9422	0	1
2945	2	1	1	0	28	9422	0	1
2946	2	1	1	0	28	9422	0	1
2947	2	1	1	0	28	9422	0	1
2948	2	1	1	0	28	9422	0	1
2949	2	1	1	0	28	9422	0	1
2950	2	1	1	0	28	9422	0	1
2951	2	1	1	0	28	9422	0	1
2952	2	1	1	0	28	9422	0	1
2953	2	1	1	0	28	9422	0	1
2954	1	1	1	0	28	9422	0	1
2954	2	1	1	0	28	9422	0	1
2955	2	1	1	0	28	9422	0	1
2956	2	1	1	0	28	9422	0	1
2957	2	1	1	0	28	9422	0	1
2958	2	1	1	0	28	9422	0	1
2959	2	1	1	0	28	9422	0	1
2960	2	1	1	0	28	9422	0	1
2961	2	1	1	0	28	9422	0	1
2962	2	1	1	0	28	9422	0	1
2963	2	1	1	0	28	9422	0	1
2964	2	1	1	0	28	9422	0	1
2965	1	1	1	0	28	9422	0	1
2965	2	1	1	0	28	9422	0	1
2970	2	1	1	0	28	9422	0	1
2971	2	1	1	0	28	9422	0	1
2972	2	1	1	0	28	9422	0	1
2973	2	1	1	0	28	9422	0	1
2974	2	1	1	0	28	9422	0	1
2975	2	1	1	0	28	9422	0	1
2976	2	1	1	0	28	9422	0	1
2977	2	1	1	0	28	9422	0	1
2981	2	1	1	0	28	9422	0	1
2982	2	1	1	0	28	9422	0	1
2983	2	1	1	0	28	9422	0	1
2984	2	1	1	0	28	9422	0	1
2985	2	1	1	0	28	9422	0	1
2986	2	1	1	0	28	9422	0	1
2987	2	1	1	0	28	9422	0	1
2988	2	1	1	0	28	9422	0	1
2989	2	1	1	0	28	9422	0	1
2990	1	1	1	0	28	9422	0	1
2990	2	1	1	0	28	9422	0	1
2991	2	1	1	0	28	9422	0	1
2992	2	1	1	0	28	9422	0	1
2993	2	1	1	0	28	9422	0	1
2994	2	1	1	0	28	9422	0	1
2995	2	1	1	0	28	9422	0	1
2996	2	1	1	0	28	9422	0	1
2997	2	1	1	0	28	9422	0	1
2998	2	1	1	0	28	9422	0	1
2999	2	1	1	0	28	9422	0	1
3000	2	1	1	0	28	9422	0	1
3005	2	1	1	0	28	9422	0	1
3006	2	1	1	0	28	9422	0	1
3007	2	1	1	0	28	9422	0	1
3008	2	1	1	0	28	9422	0	1
3009	2	1	1	0	28	9422	0	1
3010	2	1	1	0	28	9422	0	1
3011	2	1	1	0	28	9422	0	1
3012	2	1	1	0	28	9422	0	1
3017	2	1	1	0	28	9422	0	1
3018	2	1	1	0	28	9422	0	1
3019	2	1	1	0	28	9422	0	1
3020	2	1	1	0	28	9422	0	1
3021	2	1	1	0	28	9422	0	1
3022	2	1	1	0	28	9422	0	1
3023	2	1	1	0	28	9422	0	1
3024	2	1	1	0	28	9422	0	1
3025	2	1	1	0	28	9422	0	1
3026	1	1	1	0	28	9422	0	1
3026	2	1	1	0	28	9422	0	1
3027	2	1	1	0	28	9422	0	1
3028	2	1	1	0	28	9422	0	1
3029	2	1	1	0	28	9422	0	1
3030	2	1	1	0	28	9422	0	1
3031	2	1	1	0	28	9422	0	1
3032	2	1	1	0	28	9422	0	1
3033	2	1	1	0	28	9422	0	1
3034	2	1	1	0	28	9422	0	1
3035	2	1	1	0	28	9422	0	1
3036	2	1	1	0	28	9422	0	1
3037	1	1	1	0	28	9422	0	1
3037	2	1	1	0	28	9422	0	1
3042	2	1	1	0	28	9422	0	1
3043	2	1	1	0	28	9422	0	1
3044	2	1	1	0	28	9422	0	1
3045	2	1	1	0	28	9422	0	1
3046	2	1	1	0	28	9422	0	1
3047	2	1	1	0	28	9422	0	1
3048	2	1	1	0	28	9422	0	1
3049	2	1	1	0	28	9422	0	1
3053	2	1	1	0	28	9422	0	1
3054	2	1	1	0	28	9422	0	1
3055	2	1	1	0	28	9422	0	1
3056	2	1	1	0	28	9422	0	1
3057	2	1	1	0	28	9422	0	1
3058	2	1	1	0	28	9422	0	1
3059	2	1	1	0	28	9422	0	1
3060	2	1	1	0	28	9422	0	1
3061	2	1	1	0	28	9422	0	1
3062	1	1	1	0	28	9422	0	1
3062	2	1	1	0	28	9422	0	1
3063	2	1	1	0	28	9422	0	1
3064	2	1	1	0	28	9422	0	1
3065	2	1	1	0	28	9422	0	1
3066	2	1	1	0	28	9422	0	1
3067	2	1	1	0	28	9422	0	1
3068	2	1	1	0	28	9422	0	1
3069	2	1	1	0	28	9422	0	1
3070	2	1	1	0	28	9422	0	1
3071	2	1	1	0	28	9422	0	1
3072	2	1	1	0	28	9422	0	1
3077	2	1	1	0	28	9422	0	1
3078	2	1	1	0	28	9422	0	1
3079	2	1	1	0	28	9422	0	1
3080	2	1	1	0	28	9422	0	1
3081	2	1	1	0	28	9422	0	1
3082	2	1	1	0	28	9422	0	1
3083	2	1	1	0	28	9422	0	1
3084	2	1	1	0	28	9422	0	1
3089	2	1	1	0	28	9422	0	1
3090	2	1	1	0	28	9422	0	1
3091	2	1	1	0	28	9422	0	1
3092	2	1	1	0	28	9422	0	1
3093	2	1	1	0	28	9422	0	1
3094	2	1	1	0	28	9422	0	1
3095	2	1	1	0	28	9422	0	1
3096	2	1	1	0	28	9422	0	1
3097	2	1	1	0	28	9422	0	1
3098	1	1	1	0	28	9422	0	1
3098	2	1	1	0	28	9422	0	1
3099	2	1	1	0	28	9422	0	1
3100	2	1	1	0	28	9422	0	1
3101	2	1	1	0	28	9422	0	1
3102	2	1	1	0	28	9422	0	1
3103	2	1	1	0	28	9422	0	1
3104	2	1	1	0	28	9422	0	1
3105	2	1	1	0	28	9422	0	1
3106	2	1	1	0	28	9422	0	1
3107	2	1	1	0	28	9422	0	1
3108	2	1	1	0	28	9422	0	1
3109	1	1	1	0	28	9422	0	1
3109	2	1	1	0	28	9422	0	1
3114	2	1	1	0	28	9422	0	1
3115	2	1	1	0	28	9422	0	1
3116	2	1	1	0	28	9422	0	1
3117	2	1	1	0	28	9422	0	1
3118	2	1	1	0	28	9422	0	1
3119	2	1	1	0	28	9422	0	1
3120	2	1	1	0	28	9422	0	1
3121	2	1	1	0	28	9422	0	1
3125	2	1	1	0	28	9422	0	1
3126	2	1	1	0	28	9422	0	1
3127	2	1	1	0	28	9422	0	1
3128	2	1	1	0	28	9422	0	1
3129	2	1	1	0	28	9422	0	1
3130	2	1	1	0	28	9422	0	1
3131	2	1	1	0	28	9422	0	1
3132	2	1	1	0	28	9422	0	1
3133	2	1	1	0	28	9422	0	1
3134	1	1	1	0	28	9422	0	1
3134	2	1	1	0	28	9422	0	1
3135	2	1	1	0	28	9422	0	1
3136	2	1	1	0	28	9422	0	1
3137	2	1	1	0	28	9422	0	1
3138	2	1	1	0	28	9422	0	1
3139	2	1	1	0	28	9422	0	1
3140	2	1	1	0	28	9422	0	1
3141	2	1	1	0	28	9422	0	1
3142	2	1	1	0	28	9422	0	1
3143	2	1	1	0	28	9422	0	1
3144	2	1	1	0	28	9422	0	1
3149	2	1	1	0	28	9422	0	1
3150	2	1	1	0	28	9422	0	1
3151	2	1	1	0	28	9422	0	1
3152	2	1	1	0	28	9422	0	1
3153	2	1	1	0	28	9422	0	1
3154	2	1	1	0	28	9422	0	1
3155	2	1	1	0	28	9422	0	1
3156	2	1	1	0	28	9422	0	1
3161	2	1	1	0	28	9422	0	1
3162	2	1	1	0	28	9422	0	1
3163	2	1	1	0	28	9422	0	1
3164	2	1	1	0	28	9422	0	1
3165	2	1	1	0	28	9422	0	1
3166	2	1	1	0	28	9422	0	1
3167	2	1	1	0	28	9422	0	1
3168	2	1	1	0	28	9422	0	1
3169	2	1	1	0	28	9422	0	1
3170	1	1	1	0	28	9422	0	1
3170	2	1	1	0	28	9422	0	1
3171	2	1	1	0	28	9422	0	1
3172	2	1	1	0	28	9422	0	1
3173	2	1	1	0	28	9422	0	1
3174	2	1	1	0	28	9422	0	1
3175	2	1	1	0	28	9422	0	1
3176	2	1	1	0	28	9422	0	1
3177	2	1	1	0	28	9422	0	1
3178	2	1	1	0	28	9422	0	1
3179	2	1	1	0	28	9422	0	1
3180	2	1	1	0	28	9422	0	1
3181	1	1	1	0	28	9422	0	1
3181	2	1	1	0	28	9422	0	1
3186	2	1	1	0	28	9422	0	1
3187	2	1	1	0	28	9422	0	1
3188	2	1	1	0	28	9422	0	1
3189	2	1	1	0	28	9422	0	1
3190	2	1	1	0	28	9422	0	1
3191	2	1	1	0	28	9422	0	1
3192	2	1	1	0	28	9422	0	1
3193	2	1	1	0	28	9422	0	1
3197	2	1	1	0	28	9422	0	1
3198	2	1	1	0	28	9422	0	1
3199	2	1	1	0	28	9422	0	1
3200	2	1	1	0	28	9422	0	1
3201	2	1	1	0	28	9422	0	1
3202	2	1	1	0	28	9422	0	1
3203	2	1	1	0	28	9422	0	1
3204	2	1	1	0	28	9422	0	1
3205	2	1	1	0	28	9422	0	1
3206	1	1	1	0	28	9422	0	1
3206	2	1	1	0	28	9422	0	1
3207	2	1	1	0	28	9422	0	1
3208	2	1	1	0	28	9422	0	1
3209	2	1	1	0	28	9422	0	1
3210	2	1	1	0	28	9422	0	1
3211	2	1	1	0	28	9422	0	1
3212	2	1	1	0	28	9422	0	1
3213	2	1	1	0	28	9422	0	1
3214	2	1	1	0	28	9422	0	1
3215	2	1	1	0	28	9422	0	1
3216	2	1	1	0	28	9422	0	1
3221	2	1	1	0	28	9422	0	1
3222	2	1	1	0	28	9422	0	1
3223	2	1	1	0	28	9422	0	1
3224	2	1	1	0	28	9422	0	1
3225	2	1	1	0	28	9422	0	1
3226	2	1	1	0	28	9422	0	1
3227	2	1	1	0	28	9422	0	1
3228	2	1	1	0	28	9422	0	1
3233	2	1	1	0	28	9422	0	1
3234	2	1	1	0	28	9422	0	1
3235	2	1	1	0	28	9422	0	1
3236	2	1	1	0	28	9422	0	1
3237	2	1	1	0	28	9422	0	1
3238	2	1	1	0	28	9422	0	1
3239	2	1	1	0	28	9422	0	1
3240	2	1	1	0	28	9422	0	1
3241	2	1	1	0	28	9422	0	1
3242	1	1	1	0	28	9422	0	1
3242	2	1	1	0	28	9422	0	1
3243	2	1	1	0	28	9422	0	1
3244	2	1	1	0	28	9422	0	1
3245	2	1	1	0	28	9422	0	1
3246	2	1	1	0	28	9422	0	1
3247	2	1	1	0	28	9422	0	1
3248	2	1	1	0	28	9422	0	1
3249	2	1	1	0	28	9422	0	1
3250	2	1	1	0	28	9422	0	1
3251	2	1	1	0	28	9422	0	1
3252	2	1	1	0	28	9422	0	1
3253	1	1	1	0	28	9422	0	1
3253	2	1	1	0	28	9422	0	1
3258	2	1	1	0	28	9422	0	1
3259	2	1	1	0	28	9422	0	1
3260	2	1	1	0	28	9422	0	1
3261	2	1	1	0	28	9422	0	1
3262	2	1	1	0	28	9422	0	1
3263	2	1	1	0	28	9422	0	1
3264	2	1	1	0	28	9422	0	1
3265	2	1	1	0	28	9422	0	1
3269	2	1	1	0	28	9422	0	1
3270	2	1	1	0	28	9422	0	1
3271	2	1	1	0	28	9422	0	1
3272	2	1	1	0	28	9422	0	1
3273	2	1	1	0	28	9422	0	1
3274	2	1	1	0	28	9422	0	1
3275	2	1	1	0	28	9422	0	1
3276	2	1	1	0	28	9422	0	1
3277	2	1	1	0	28	9422	0	1
3278	1	1	1	0	28	9422	0	1
3278	2	1	1	0	28	9422	0	1
3279	2	1	1	0	28	9422	0	1
3280	2	1	1	0	28	9422	0	1
3281	2	1	1	0	28	9422	0	1
3282	2	1	1	0	28	9422	0	1
3283	2	1	1	0	28	9422	0	1
3284	2	1	1	0	28	9422	0	1
3285	2	1	1	0	28	9422	0	1
3286	2	1	1	0	28	9422	0	1
3287	2	1	1	0	28	9422	0	1
3288	2	1	1	0	28	9422	0	1
3293	2	1	1	0	28	9422	0	1
3294	2	1	1	0	28	9422	0	1
3295	2	1	1	0	28	9422	0	1
3296	2	1	1	0	28	9422	0	1
3297	2	1	1	0	28	9422	0	1
3298	2	1	1	0	28	9422	0	1
3299	2	1	1	0	28	9422	0	1
3300	2	1	1	0	28	9422	0	1
3305	2	1	1	0	28	9422	0	1
3306	2	1	1	0	28	9422	0	1
3307	2	1	1	0	28	9422	0	1
3308	2	1	1	0	28	9422	0	1
3309	2	1	1	0	28	9422	0	1
3310	2	1	1	0	28	9422	0	1
3311	2	1	1	0	28	9422	0	1
3312	2	1	1	0	28	9422	0	1
3313	2	1	1	0	28	9422	0	1
3314	1	1	1	0	28	9422	0	1
3314	2	1	1	0	28	9422	0	1
3315	2	1	1	0	28	9422	0	1
3316	2	1	1	0	28	9422	0	1
3317	2	1	1	0	28	9422	0	1
3318	2	1	1	0	28	9422	0	1
3319	2	1	1	0	28	9422	0	1
3320	2	1	1	0	28	9422	0	1
3321	2	1	1	0	28	9422	0	1
3322	2	1	1	0	28	9422	0	1
3323	2	1	1	0	28	9422	0	1
3324	2	1	1	0	28	9422	0	1
3325	1	1	1	0	28	9422	0	1
3325	2	1	1	0	28	9422	0	1
3330	2	1	1	0	28	9422	0	1
3331	2	1	1	0	28	9422	0	1
3332	2	1	1	0	28	9422	0	1
3333	2	1	1	0	28	9422	0	1
3334	2	1	1	0	28	9422	0	1
3335	2	1	1	0	28	9422	0	1
3336	2	1	1	0	28	9422	0	1
3337	2	1	1	0	28	9422	0	1
3342	2	1	1	0	28	9422	0	1
3343	2	1	1	0	28	9422	0	1
3344	2	1	1	0	28	9422	0	1
3345	2	1	1	0	28	9422	0	1
3346	2	1	1	0	28	9422	0	1
3347	2	1	1	0	28	9422	0	1
3348	2	1	1	0	28	9422	0	1
3349	2	1	1	0	28	9422	0	1
3350	2	1	1	0	28	9422	0	1
3351	1	1	1	0	28	9422	0	1
3351	2	1	1	0	28	9422	0	1
3352	2	1	1	0	28	9422	0	1
3353	2	1	1	0	28	9422	0	1
3354	2	1	1	0	28	9422	0	1
3355	2	1	1	0	28	9422	0	1
3356	2	1	1	0	28	9422	0	1
3357	2	1	1	0	28	9422	0	1
3358	2	1	1	0	28	9422	0	1
3359	2	1	1	0	28	9422	0	1
3360	2	1	1	0	28	9422	0	1
3361	2	1	1	0	28	9422	0	1
3366	2	1	1	0	28	9422	0	1
3367	2	1	1	0	28	9422	0	1
3368	2	1	1	0	28	9422	0	1
3369	2	1	1	0	28	9422	0	1
3370	2	1	1	0	28	9422	0	1
3371	2	1	1	0	28	9422	0	1
3372	2	1	1	0	28	9422	0	1
3373	2	1	1	0	28	9422	0	1
3378	2	1	1	0	28	9422	0	1
3379	2	1	1	0	28	9422	0	1
3380	2	1	1	0	28	9422	0	1
3381	2	1	1	0	28	9422	0	1
3382	2	1	1	0	28	9422	0	1
3383	2	1	1	0	28	9422	0	1
3384	2	1	1	0	28	9422	0	1
3385	2	1	1	0	28	9422	0	1
3386	2	1	1	0	28	9422	0	1
3387	2	1	1	0	28	9422	0	1
3388	2	1	1	0	28	9422	0	1
3389	2	1	1	0	28	9422	0	1
3390	2	1	1	0	28	9422	0	1
3391	2	1	1	0	28	9422	0	1
3392	2	1	1	0	28	9422	0	1
3393	2	1	1	0	28	9422	0	1
3394	2	1	1	0	28	9422	0	1
3395	2	1	1	0	28	9422	0	1
3396	2	1	1	0	28	9422	0	1
3397	2	1	1	0	28	9422	0	1
3398	2	1	1	0	28	9422	0	1
3399	2	1	1	0	28	9422	0	1
3400	2	1	1	0	28	9422	0	1
3405	2	1	1	0	28	9422	0	1
3406	2	1	1	0	28	9422	0	1
3407	2	1	1	0	28	9422	0	1
3408	2	1	1	0	28	9422	0	1
3409	2	1	1	0	28	9422	0	1
3410	2	1	1	0	28	9422	0	1
3411	2	1	1	0	28	9422	0	1
3412	2	1	1	0	28	9422	0	1
3417	2	1	1	0	28	9422	0	1
3418	2	1	1	0	28	9422	0	1
3419	2	1	1	0	28	9422	0	1
3420	2	1	1	0	28	9422	0	1
3421	2	1	1	0	28	9422	0	1
3422	2	1	1	0	28	9422	0	1
3423	2	1	1	0	28	9422	0	1
3424	2	1	1	0	28	9422	0	1
3425	2	1	1	0	28	9422	0	1
3426	2	1	1	0	28	9422	0	1
3427	2	1	1	0	28	9422	0	1
3428	2	1	1	0	28	9422	0	1
3429	2	1	1	0	28	9422	0	1
3430	2	1	1	0	28	9422	0	1
3435	2	1	1	0	28	9422	0	1
3436	2	1	1	0	28	9422	0	1
3437	2	1	1	0	28	9422	0	1
3438	2	1	1	0	28	9422	0	1
3439	2	1	1	0	28	9422	0	1
3440	2	1	1	0	28	9422	0	1
3441	2	1	1	0	28	9422	0	1
3442	2	1	1	0	28	9422	0	1
3447	2	1	1	0	28	9422	0	1
3448	2	1	1	0	28	9422	0	1
3449	2	1	1	0	28	9422	0	1
3450	2	1	1	0	28	9422	0	1
3451	2	1	1	0	28	9422	0	1
3452	2	1	1	0	28	9422	0	1
3453	2	1	1	0	28	9422	0	1
3454	2	1	1	0	28	9422	0	1
3459	2	1	1	0	28	9422	0	1
3460	2	1	1	0	28	9422	0	1
3461	2	1	1	0	28	9422	0	1
3462	2	1	1	0	28	9422	0	1
3463	2	1	1	0	28	9422	0	1
3464	2	1	1	0	28	9422	0	1
3465	2	1	1	0	28	9422	0	1
3466	2	1	1	0	28	9422	0	1
3471	2	1	1	0	28	9422	0	1
3472	2	1	1	0	28	9422	0	1
3473	2	1	1	0	28	9422	0	1
3474	2	1	1	0	28	9422	0	1
3475	2	1	1	0	28	9422	0	1
3476	2	1	1	0	28	9422	0	1
3477	2	1	1	0	28	9422	0	1
3478	2	1	1	0	28	9422	0	1
3483	2	1	1	0	28	9422	0	1
3484	2	1	1	0	28	9422	0	1
3485	2	1	1	0	28	9422	0	1
3486	2	1	1	0	28	9422	0	1
3487	2	1	1	0	28	9422	0	1
3488	2	1	1	0	28	9422	0	1
3489	2	1	1	0	28	9422	0	1
3490	2	1	1	0	28	9422	0	1
3495	2	1	1	0	28	9422	0	1
3496	2	1	1	0	28	9422	0	1
3497	2	1	1	0	28	9422	0	1
3498	2	1	1	0	28	9422	0	1
3499	2	1	1	0	28	9422	0	1
3500	2	1	1	0	28	9422	0	1
3501	2	1	1	0	28	9422	0	1
3502	2	1	1	0	28	9422	0	1
3507	2	1	1	0	28	9422	0	1
3508	2	1	1	0	28	9422	0	1
3509	2	1	1	0	28	9422	0	1
3510	2	1	1	0	28	9422	0	1
3511	2	1	1	0	28	9422	0	1
3512	2	1	1	0	28	9422	0	1
3513	2	1	1	0	28	9422	0	1
3514	2	1	1	0	28	9422	0	1
3519	2	1	1	0	28	9422	0	1
3520	2	1	1	0	28	9422	0	1
3521	2	1	1	0	28	9422	0	1
3522	2	1	1	0	28	9422	0	1
3523	2	1	1	0	28	9422	0	1
3524	2	1	1	0	28	9422	0	1
3525	2	1	1	0	28	9422	0	1
3526	2	1	1	0	28	9422	0	1
3531	2	1	1	0	28	9422	0	1
3532	2	1	1	0	28	9422	0	1
3533	2	1	1	0	28	9422	0	1
3534	2	1	1	0	28	9422	0	1
3535	2	1	1	0	28	9422	0	1
3536	2	1	1	0	28	9422	0	1
3537	2	1	1	0	28	9422	0	1
3538	2	1	1	0	28	9422	0	1
3543	2	1	1	0	28	9422	0	1
3544	2	1	1	0	28	9422	0	1
3545	2	1	1	0	28	9422	0	1
3546	2	1	1	0	28	9422	0	1
3547	2	1	1	0	28	9422	0	1
3548	2	1	1	0	28	9422	0	1
3549	2	1	1	0	28	9422	0	1
3550	2	1	1	0	28	9422	0	1
3555	2	1	1	0	28	9422	0	1
3556	2	1	1	0	28	9422	0	1
3557	2	1	1	0	28	9422	0	1
3558	2	1	1	0	28	9422	0	1
3559	2	1	1	0	28	9422	0	1
3560	2	1	1	0	28	9422	0	1
3561	2	1	1	0	28	9422	0	1
3562	2	1	1	0	28	9422	0	1
3567	2	1	1	0	28	9422	0	1
3568	2	1	1	0	28	9422	0	1
3569	2	1	1	0	28	9422	0	1
3570	2	1	1	0	28	9422	0	1
3571	2	1	1	0	28	9422	0	1
3572	2	1	1	0	28	9422	0	1
3573	2	1	1	0	28	9422	0	1
3574	2	1	1	0	28	9422	0	1
3579	2	1	1	0	28	9422	0	1
3580	2	1	1	0	28	9422	0	1
3581	2	1	1	0	28	9422	0	1
3582	2	1	1	0	28	9422	0	1
3583	2	1	1	0	28	9422	0	1
3584	2	1	1	0	28	9422	0	1
3585	2	1	1	0	28	9422	0	1
3586	2	1	1	0	28	9422	0	1
3591	2	1	1	0	28	9422	0	1
3592	2	1	1	0	28	9422	0	1
3593	2	1	1	0	28	9422	0	1
3594	2	1	1	0	28	9422	0	1
3595	2	1	1	0	28	9422	0	1
3596	2	1	1	0	28	9422	0	1
3597	2	1	1	0	28	9422	0	1
3598	2	1	1	0	28	9422	0	1
3603	2	1	1	0	28	9422	0	1
3604	2	1	1	0	28	9422	0	1
3605	2	1	1	0	28	9422	0	1
3606	2	1	1	0	28	9422	0	1
3607	2	1	1	0	28	9422	0	1
3608	2	1	1	0	28	9422	0	1
3609	2	1	1	0	28	9422	0	1
3610	2	1	1	0	28	9422	0	1
3615	2	1	1	0	28	9422	0	1
3616	2	1	1	0	28	9422	0	1
3617	2	1	1	0	28	9422	0	1
3618	2	1	1	0	28	9422	0	1
3619	2	1	1	0	28	9422	0	1
3620	2	1	1	0	28	9422	0	1
3621	2	1	1	0	28	9422	0	1
3622	2	1	1	0	28	9422	0	1
3627	2	1	1	0	28	9422	0	1
3628	2	1	1	0	28	9422	0	1
3629	2	1	1	0	28	9422	0	1
3630	2	1	1	0	28	9422	0	1
3631	2	1	1	0	28	9422	0	1
3632	2	1	1	0	28	9422	0	1
3633	2	1	1	0	28	9422	0	1
3634	2	1	1	0	28	9422	0	1
3639	2	1	1	0	28	9422	0	1
3640	2	1	1	0	28	9422	0	1
3641	2	1	1	0	28	9422	0	1
3642	2	1	1	0	28	9422	0	1
3643	2	1	1	0	28	9422	0	1
3644	2	1	1	0	28	9422	0	1
3645	2	1	1	0	28	9422	0	1
3646	2	1	1	0	28	9422	0	1
3651	2	1	1	0	28	9422	0	1
3652	2	1	1	0	28	9422	0	1
3653	2	1	1	0	28	9422	0	1
3654	2	1	1	0	28	9422	0	1
3655	2	1	1	0	28	9422	0	1
3656	2	1	1	0	28	9422	0	1
3657	2	1	1	0	28	9422	0	1
3658	2	1	1	0	28	9422	0	1
3663	2	1	1	0	28	9422	0	1
3664	2	1	1	0	28	9422	0	1
3665	2	1	1	0	28	9422	0	1
3666	2	1	1	0	28	9422	0	1
3667	2	1	1	0	28	9422	0	1
3668	2	1	1	0	28	9422	0	1
3669	2	1	1	0	28	9422	0	1
3670	2	1	1	0	28	9422	0	1
3675	2	1	1	0	28	9422	0	1
3676	2	1	1	0	28	9422	0	1
3677	2	1	1	0	28	9422	0	1
3678	2	1	1	0	28	9422	0	1
3679	2	1	1	0	28	9422	0	1
3680	2	1	1	0	28	9422	0	1
3681	2	1	1	0	28	9422	0	1
3682	2	1	1	0	28	9422	0	1
3687	2	1	1	0	28	9422	0	1
3688	2	1	1	0	28	9422	0	1
3689	2	1	1	0	28	9422	0	1
3690	2	1	1	0	28	9422	0	1
3691	2	1	1	0	28	9422	0	1
3692	2	1	1	0	28	9422	0	1
3693	2	1	1	0	28	9422	0	1
3694	2	1	1	0	28	9422	0	1
3699	2	1	1	0	28	9422	0	1
3700	2	1	1	0	28	9422	0	1
3701	2	1	1	0	28	9422	0	1
3702	2	1	1	0	28	9422	0	1
3703	2	1	1	0	28	9422	0	1
3704	2	1	1	0	28	9422	0	1
3705	2	1	1	0	28	9422	0	1
3706	2	1	1	0	28	9422	0	1
3711	2	1	1	0	28	9422	0	1
3712	2	1	1	0	28	9422	0	1
3713	2	1	1	0	28	9422	0	1
3714	2	1	1	0	28	9422	0	1
3715	2	1	1	0	28	9422	0	1
3716	2	1	1	0	28	9422	0	1
3717	2	1	1	0	28	9422	0	1
3718	2	1	1	0	28	9422	0	1
3723	2	1	1	0	28	9422	0	1
3724	2	1	1	0	28	9422	0	1
3725	2	1	1	0	28	9422	0	1
3726	2	1	1	0	28	9422	0	1
3727	2	1	1	0	28	9422	0	1
3728	2	1	1	0	28	9422	0	1
3729	2	1	1	0	28	9422	0	1
3730	2	1	1	0	28	9422	0	1
3735	2	1	1	0	28	9422	0	1
3736	2	1	1	0	28	9422	0	1
3737	2	1	1	0	28	9422	0	1
3738	2	1	1	0	28	9422	0	1
3739	2	1	1	0	28	9422	0	1
3740	2	1	1	0	28	9422	0	1
3741	2	1	1	0	28	9422	0	1
3742	2	1	1	0	28	9422	0	1
3747	2	1	1	0	28	9422	0	1
3748	2	1	1	0	28	9422	0	1
3749	2	1	1	0	28	9422	0	1
3750	2	1	1	0	28	9422	0	1
3751	2	1	1	0	28	9422	0	1
3752	2	1	1	0	28	9422	0	1
3753	2	1	1	0	28	9422	0	1
3754	2	1	1	0	28	9422	0	1
3759	2	1	1	0	28	9422	0	1
3760	2	1	1	0	28	9422	0	1
3761	2	1	1	0	28	9422	0	1
3762	2	1	1	0	28	9422	0	1
3763	2	1	1	0	28	9422	0	1
3764	2	1	1	0	28	9422	0	1
3765	2	1	1	0	28	9422	0	1
3766	2	1	1	0	28	9422	0	1
3771	2	1	1	0	28	9422	0	1
3772	2	1	1	0	28	9422	0	1
3773	2	1	1	0	28	9422	0	1
3774	2	1	1	0	28	9422	0	1
3775	2	1	1	0	28	9422	0	1
3776	2	1	1	0	28	9422	0	1
3777	2	1	1	0	28	9422	0	1
3778	2	1	1	0	28	9422	0	1
3783	2	1	1	0	28	9422	0	1
3784	2	1	1	0	28	9422	0	1
3785	2	1	1	0	28	9422	0	1
3786	2	1	1	0	28	9422	0	1
3787	2	1	1	0	28	9422	0	1
3788	2	1	1	0	28	9422	0	1
3789	2	1	1	0	28	9422	0	1
3790	2	1	1	0	28	9422	0	1
3795	2	1	1	0	28	9422	0	1
3796	2	1	1	0	28	9422	0	1
3797	2	1	1	0	28	9422	0	1
3798	2	1	1	0	28	9422	0	1
3799	2	1	1	0	28	9422	0	1
3800	2	1	1	0	28	9422	0	1
3801	2	1	1	0	28	9422	0	1
3802	2	1	1	0	28	9422	0	1
3807	2	1	1	0	28	9422	0	1
3808	2	1	1	0	28	9422	0	1
3809	2	1	1	0	28	9422	0	1
3810	2	1	1	0	28	9422	0	1
3811	2	1	1	0	28	9422	0	1
3812	2	1	1	0	28	9422	0	1
3813	2	1	1	0	28	9422	0	1
3814	2	1	1	0	28	9422	0	1
3819	2	1	1	0	28	9422	0	1
3820	2	1	1	0	28	9422	0	1
3821	2	1	1	0	28	9422	0	1
3822	2	1	1	0	28	9422	0	1
3823	2	1	1	0	28	9422	0	1
3824	2	1	1	0	28	9422	0	1
3825	2	1	1	0	28	9422	0	1
3826	2	1	1	0	28	9422	0	1
3831	2	1	1	0	28	9422	0	1
3832	2	1	1	0	28	9422	0	1
3833	2	1	1	0	28	9422	0	1
3834	2	1	1	0	28	9422	0	1
3835	2	1	1	0	28	9422	0	1
3836	2	1	1	0	28	9422	0	1
3837	2	1	1	0	28	9422	0	1
3838	2	1	1	0	28	9422	0	1
3843	2	1	1	0	28	9422	0	1
3844	2	1	1	0	28	9422	0	1
3845	2	1	1	0	28	9422	0	1
3846	2	1	1	0	28	9422	0	1
3847	2	1	1	0	28	9422	0	1
3848	2	1	1	0	28	9422	0	1
3849	2	1	1	0	28	9422	0	1
3850	2	1	1	0	28	9422	0	1
3855	2	1	1	0	28	9422	0	1
3856	2	1	1	0	28	9422	0	1
3857	2	1	1	0	28	9422	0	1
3858	2	1	1	0	28	9422	0	1
3859	2	1	1	0	28	9422	0	1
3860	2	1	1	0	28	9422	0	1
3861	2	1	1	0	28	9422	0	1
3862	2	1	1	0	28	9422	0	1
3867	2	1	1	0	28	9422	0	1
3868	2	1	1	0	28	9422	0	1
3869	2	1	1	0	28	9422	0	1
3870	2	1	1	0	28	9422	0	1
3871	2	1	1	0	28	9422	0	1
3872	2	1	1	0	28	9422	0	1
3873	2	1	1	0	28	9422	0	1
3874	2	1	1	0	28	9422	0	1
3879	2	1	1	0	28	9422	0	1
3880	2	1	1	0	28	9422	0	1
3881	2	1	1	0	28	9422	0	1
3882	2	1	1	0	28	9422	0	1
3883	2	1	1	0	28	9422	0	1
3884	2	1	1	0	28	9422	0	1
3885	2	1	1	0	28	9422	0	1
3886	2	1	1	0	28	9422	0	1
3891	2	1	1	0	28	9422	0	1
3892	2	1	1	0	28	9422	0	1
3893	2	1	1	0	28	9422	0	1
3894	2	1	1	0	28	9422	0	1
3895	2	1	1	0	28	9422	0	1
3896	2	1	1	0	28	9422	0	1
3897	2	1	1	0	28	9422	0	1
3898	2	1	1	0	28	9422	0	1
3903	2	1	1	0	28	9422	0	1
3904	2	1	1	0	28	9422	0	1
3905	2	1	1	0	28	9422	0	1
3906	2	1	1	0	28	9422	0	1
3907	2	1	1	0	28	9422	0	1
3908	2	1	1	0	28	9422	0	1
3909	2	1	1	0	28	9422	0	1
3910	2	1	1	0	28	9422	0	1
3915	2	1	1	0	28	9422	0	1
3916	2	1	1	0	28	9422	0	1
3917	2	1	1	0	28	9422	0	1
3918	2	1	1	0	28	9422	0	1
3919	2	1	1	0	28	9422	0	1
3920	2	1	1	0	28	9422	0	1
3921	2	1	1	0	28	9422	0	1
3922	2	1	1	0	28	9422	0	1
3927	2	1	1	0	28	9422	0	1
3928	2	1	1	0	28	9422	0	1
3929	2	1	1	0	28	9422	0	1
3930	2	1	1	0	28	9422	0	1
3931	2	1	1	0	28	9422	0	1
3932	2	1	1	0	28	9422	0	1
3933	2	1	1	0	28	9422	0	1
3934	2	1	1	0	28	9422	0	1
3939	2	1	1	0	28	9422	0	1
3940	2	1	1	0	28	9422	0	1
3941	2	1	1	0	28	9422	0	1
3942	2	1	1	0	28	9422	0	1
3943	2	1	1	0	28	9422	0	1
3944	2	1	1	0	28	9422	0	1
3945	2	1	1	0	28	9422	0	1
3946	2	1	1	0	28	9422	0	1
3951	2	1	1	0	28	9422	0	1
3952	2	1	1	0	28	9422	0	1
3953	2	1	1	0	28	9422	0	1
3954	2	1	1	0	28	9422	0	1
3955	2	1	1	0	28	9422	0	1
3956	2	1	1	0	28	9422	0	1
3957	2	1	1	0	28	9422	0	1
3958	2	1	1	0	28	9422	0	1
3963	2	1	1	0	28	9422	0	1
3964	2	1	1	0	28	9422	0	1
3965	2	1	1	0	28	9422	0	1
3966	2	1	1	0	28	9422	0	1
3967	2	1	1	0	28	9422	0	1
3968	2	1	1	0	28	9422	0	1
3969	2	1	1	0	28	9422	0	1
3970	2	1	1	0	28	9422	0	1
3975	2	1	1	0	28	9422	0	1
3976	2	1	1	0	28	9422	0	1
3977	2	1	1	0	28	9422	0	1
3978	2	1	1	0	28	9422	0	1
3979	2	1	1	0	28	9422	0	1
3980	2	1	1	0	28	9422	0	1
3981	2	1	1	0	28	9422	0	1
3982	2	1	1	0	28	9422	0	1
3987	2	1	1	0	28	9422	0	1
3988	2	1	1	0	28	9422	0	1
3989	2	1	1	0	28	9422	0	1
3990	2	1	1	0	28	9422	0	1
3991	2	1	1	0	28	9422	0	1
3992	2	1	1	0	28	9422	0	1
3993	2	1	1	0	28	9422	0	1
3994	2	1	1	0	28	9422	0	1
3999	2	1	1	0	28	9422	0	1
4000	2	1	1	0	28	9422	0	1
4001	2	1	1	0	28	9422	0	1
4002	2	1	1	0	28	9422	0	1
4003	2	1	1	0	28	9422	0	1
4004	2	1	1	0	28	9422	0	1
4005	2	1	1	0	28	9422	0	1
4006	2	1	1	0	28	9422	0	1
4011	2	1	1	0	28	9422	0	1
4012	2	1	1	0	28	9422	0	1
4013	2	1	1	0	28	9422	0	1
4014	2	1	1	0	28	9422	0	1
4015	2	1	1	0	28	9422	0	1
4016	2	1	1	0	28	9422	0	1
4017	2	1	1	0	28	9422	0	1
4018	2	1	1	0	28	9422	0	1
4023	2	1	1	0	28	9422	0	1
4024	2	1	1	0	28	9422	0	1
4025	2	1	1	0	28	9422	0	1
4026	2	1	1	0	28	9422	0	1
4027	2	1	1	0	28	9422	0	1
4028	2	1	1	0	28	9422	0	1
4029	2	1	1	0	28	9422	0	1
4030	2	1	1	0	28	9422	0	1
4035	2	1	1	0	28	9422	0	1
4036	2	1	1	0	28	9422	0	1
4037	2	1	1	0	28	9422	0	1
4038	2	1	1	0	28	9422	0	1
4039	2	1	1	0	28	9422	0	1
4040	2	1	1	0	28	9422	0	1
4041	2	1	1	0	28	9422	0	1
4042	2	1	1	0	28	9422	0	1
4047	2	1	1	0	28	9422	0	1
4048	2	1	1	0	28	9422	0	1
4049	2	1	1	0	28	9422	0	1
4050	2	1	1	0	28	9422	0	1
4051	2	1	1	0	28	9422	0	1
4052	2	1	1	0	28	9422	0	1
4053	2	1	1	0	28	9422	0	1
4054	2	1	1	0	28	9422	0	1
4059	2	1	1	0	28	9422	0	1
4060	2	1	1	0	28	9422	0	1
4061	2	1	1	0	28	9422	0	1
4062	2	1	1	0	28	9422	0	1
4063	2	1	1	0	28	9422	0	1
4064	2	1	1	0	28	9422	0	1
4065	2	1	1	0	28	9422	0	1
4066	2	1	1	0	28	9422	0	1
4071	2	1	1	0	28	9422	0	1
4072	2	1	1	0	28	9422	0	1
4073	2	1	1	0	28	9422	0	1
4074	2	1	1	0	28	9422	0	1
4075	2	1	1	0	28	9422	0	1
4076	2	1	1	0	28	9422	0	1
4077	2	1	1	0	28	9422	0	1
4078	2	1	1	0	28	9422	0	1
4083	2	1	1	0	28	9422	0	1
4084	2	1	1	0	28	9422	0	1
4085	2	1	1	0	28	9422	0	1
4086	2	1	1	0	28	9422	0	1
4087	2	1	1	0	28	9422	0	1
4088	2	1	1	0	28	9422	0	1
4089	2	1	1	0	28	9422	0	1
4090	2	1	1	0	28	9422	0	1
4095	2	1	1	0	28	9422	0	1
4096	2	1	1	0	28	9422	0	1
4097	2	1	1	0	28	9422	0	1
4098	2	1	1	0	28	9422	0	1
4099	2	1	1	0	28	9422	0	1
4100	2	1	1	0	28	9422	0	1
4101	2	1	1	0	28	9422	0	1
4102	2	1	1	0	28	9422	0	1
4107	2	1	1	0	28	9422	0	1
4108	2	1	1	0	28	9422	0	1
4109	2	1	1	0	28	9422	0	1
4110	2	1	1	0	28	9422	0	1
4111	2	1	1	0	28	9422	0	1
4112	2	1	1	0	28	9422	0	1
4113	2	1	1	0	28	9422	0	1
4114	2	1	1	0	28	9422	0	1
4119	2	1	1	0	28	9422	0	1
4120	2	1	1	0	28	9422	0	1
4121	2	1	1	0	28	9422	0	1
4122	2	1	1	0	28	9422	0	1
4123	2	1	1	0	28	9422	0	1
4124	2	1	1	0	28	9422	0	1
4125	2	1	1	0	28	9422	0	1
4126	2	1	1	0	28	9422	0	1
4131	2	1	1	0	28	9422	0	1
4132	2	1	1	0	28	9422	0	1
4133	2	1	1	0	28	9422	0	1
4134	2	1	1	0	28	9422	0	1
4135	2	1	1	0	28	9422	0	1
4136	2	1	1	0	28	9422	0	1
4137	2	1	1	0	28	9422	0	1
4138	2	1	1	0	28	9422	0	1
4143	2	1	1	0	28	9422	0	1
4144	2	1	1	0	28	9422	0	1
4145	2	1	1	0	28	9422	0	1
4146	2	1	1	0	28	9422	0	1
4147	2	1	1	0	28	9422	0	1
4148	2	1	1	0	28	9422	0	1
4149	2	1	1	0	28	9422	0	1
4150	2	1	1	0	28	9422	0	1
4155	2	1	1	0	28	9422	0	1
4156	2	1	1	0	28	9422	0	1
4157	2	1	1	0	28	9422	0	1
4158	2	1	1	0	28	9422	0	1
4159	2	1	1	0	28	9422	0	1
4160	2	1	1	0	28	9422	0	1
4161	2	1	1	0	28	9422	0	1
4162	2	1	1	0	28	9422	0	1
4167	2	1	1	0	28	9422	0	1
4168	2	1	1	0	28	9422	0	1
4169	2	1	1	0	28	9422	0	1
4170	2	1	1	0	28	9422	0	1
4171	2	1	1	0	28	9422	0	1
4172	2	1	1	0	28	9422	0	1
4173	2	1	1	0	28	9422	0	1
4174	2	1	1	0	28	9422	0	1
4179	2	1	1	0	28	9422	0	1
4180	2	1	1	0	28	9422	0	1
4181	2	1	1	0	28	9422	0	1
4182	2	1	1	0	28	9422	0	1
4183	2	1	1	0	28	9422	0	1
4184	2	1	1	0	28	9422	0	1
4185	2	1	1	0	28	9422	0	1
4186	2	1	1	0	28	9422	0	1
4191	2	1	1	0	28	9422	0	1
4192	2	1	1	0	28	9422	0	1
4193	2	1	1	0	28	9422	0	1
4194	2	1	1	0	28	9422	0	1
4195	2	1	1	0	28	9422	0	1
4196	2	1	1	0	28	9422	0	1
4197	2	1	1	0	28	9422	0	1
4198	2	1	1	0	28	9422	0	1
4203	2	1	1	0	28	9422	0	1
4204	2	1	1	0	28	9422	0	1
4205	2	1	1	0	28	9422	0	1
4206	2	1	1	0	28	9422	0	1
4207	2	1	1	0	28	9422	0	1
4208	2	1	1	0	28	9422	0	1
4209	2	1	1	0	28	9422	0	1
4210	2	1	1	0	28	9422	0	1
4215	2	1	1	0	28	9422	0	1
4216	2	1	1	0	28	9422	0	1
4217	2	1	1	0	28	9422	0	1
4218	2	1	1	0	28	9422	0	1
4219	2	1	1	0	28	9422	0	1
4220	2	1	1	0	28	9422	0	1
4221	2	1	1	0	28	9422	0	1
4222	2	1	1	0	28	9422	0	1
4227	2	1	1	0	28	9422	0	1
4228	2	1	1	0	28	9422	0	1
4229	2	1	1	0	28	9422	0	1
4230	2	1	1	0	28	9422	0	1
4231	2	1	1	0	28	9422	0	1
4232	2	1	1	0	28	9422	0	1
4233	2	1	1	0	28	9422	0	1
4234	2	1	1	0	28	9422	0	1
4239	2	1	1	0	28	9422	0	1
4240	2	1	1	0	28	9422	0	1
4241	2	1	1	0	28	9422	0	1
4242	2	1	1	0	28	9422	0	1
4243	2	1	1	0	28	9422	0	1
4244	2	1	1	0	28	9422	0	1
4245	2	1	1	0	28	9422	0	1
4246	2	1	1	0	28	9422	0	1
4251	2	1	1	0	28	9422	0	1
4252	2	1	1	0	28	9422	0	1
4253	2	1	1	0	28	9422	0	1
4254	2	1	1	0	28	9422	0	1
4255	2	1	1	0	28	9422	0	1
4256	2	1	1	0	28	9422	0	1
4257	2	1	1	0	28	9422	0	1
4258	2	1	1	0	28	9422	0	1
4263	2	1	1	0	28	9422	0	1
4264	2	1	1	0	28	9422	0	1
4265	2	1	1	0	28	9422	0	1
4266	2	1	1	0	28	9422	0	1
4267	2	1	1	0	28	9422	0	1
4268	2	1	1	0	28	9422	0	1
4269	2	1	1	0	28	9422	0	1
4270	2	1	1	0	28	9422	0	1
4275	2	1	1	0	28	9422	0	1
4276	2	1	1	0	28	9422	0	1
4277	2	1	1	0	28	9422	0	1
4278	2	1	1	0	28	9422	0	1
4279	2	1	1	0	28	9422	0	1
4280	2	1	1	0	28	9422	0	1
4281	2	1	1	0	28	9422	0	1
4282	2	1	1	0	28	9422	0	1
4287	2	1	1	0	28	9422	0	1
4288	2	1	1	0	28	9422	0	1
4289	2	1	1	0	28	9422	0	1
4290	2	1	1	0	28	9422	0	1
4291	2	1	1	0	28	9422	0	1
4292	2	1	1	0	28	9422	0	1
4293	2	1	1	0	28	9422	0	1
4294	2	1	1	0	28	9422	0	1
4299	2	1	1	0	28	9422	0	1
4300	2	1	1	0	28	9422	0	1
4301	2	1	1	0	28	9422	0	1
4302	2	1	1	0	28	9422	0	1
4303	2	1	1	0	28	9422	0	1
4304	2	1	1	0	28	9422	0	1
4305	2	1	1	0	28	9422	0	1
4306	2	1	1	0	28	9422	0	1
4311	2	1	1	0	28	9422	0	1
4312	2	1	1	0	28	9422	0	1
4313	2	1	1	0	28	9422	0	1
4314	2	1	1	0	28	9422	0	1
4315	2	1	1	0	28	9422	0	1
4316	2	1	1	0	28	9422	0	1
4317	2	1	1	0	28	9422	0	1
4318	2	1	1	0	28	9422	0	1
4323	2	1	1	0	28	9422	0	1
4324	2	1	1	0	28	9422	0	1
4325	2	1	1	0	28	9422	0	1
4326	2	1	1	0	28	9422	0	1
4327	2	1	1	0	28	9422	0	1
4328	2	1	1	0	28	9422	0	1
4329	2	1	1	0	28	9422	0	1
4330	2	1	1	0	28	9422	0	1
4335	2	1	1	0	28	9422	0	1
4336	2	1	1	0	28	9422	0	1
4337	2	1	1	0	28	9422	0	1
4338	2	1	1	0	28	9422	0	1
4339	2	1	1	0	28	9422	0	1
4340	2	1	1	0	28	9422	0	1
4341	2	1	1	0	28	9422	0	1
4342	2	1	1	0	28	9422	0	1
4347	2	1	1	0	28	9422	0	1
4348	2	1	1	0	28	9422	0	1
4349	2	1	1	0	28	9422	0	1
4350	2	1	1	0	28	9422	0	1
4351	2	1	1	0	28	9422	0	1
4352	2	1	1	0	28	9422	0	1
4353	2	1	1	0	28	9422	0	1
4354	2	1	1	0	28	9422	0	1
4359	2	1	1	0	28	9422	0	1
4360	2	1	1	0	28	9422	0	1
4361	2	1	1	0	28	9422	0	1
4362	2	1	1	0	28	9422	0	1
4363	2	1	1	0	28	9422	0	1
4364	2	1	1	0	28	9422	0	1
4365	2	1	1	0	28	9422	0	1
4366	2	1	1	0	28	9422	0	1
4371	2	1	1	0	28	9422	0	1
4372	2	1	1	0	28	9422	0	1
4373	2	1	1	0	28	9422	0	1
4374	2	1	1	0	28	9422	0	1
4375	2	1	1	0	28	9422	0	1
4376	2	1	1	0	28	9422	0	1
4377	2	1	1	0	28	9422	0	1
4378	2	1	1	0	28	9422	0	1
4383	2	1	1	0	28	9422	0	1
