0	0
1.049	1400
1.084	2800
1.119	4200
1.154	4200
1.189	8400
1.224	8400
1.225	4200
1.259	8400
1.26	8400
1.294	8400
1.295	8400
1.296	8400
1.329	8400
1.33	8400
1.331	9800
1.332	8400
1.333	2800
1.364	8400
1.365	8400
1.366	9800
1.367	8400
1.368	9800
1.369	8400
1.37	5600
1.393	8400
1.394	8400
1.395	8400
1.45	8400
1.451	8400
1.452	9800
1.453	8400
1.454	9800
1.455	8400
1.456	9800
1.457	8400
1.458	9800
1.459	8400
1.46	9800
1.461	1400
1.489	8400
1.49	8400
1.491	9800
1.492	8400
1.493	9600
1.494	9440
1.495	8160
1.496	9520
1.497	9520
1.498	8160
1.499	9520
1.5	9520
1.501	8160
1.502	9520
1.503	4080
1.528	8160
1.529	9520
1.53	8160
1.531	9520
1.532	9520
1.533	8160
1.534	9520
1.535	9520
1.536	8160
1.537	9520
1.538	9520
1.539	8160
1.54	9520
1.541	9520
1.542	4080
1.573	8160
1.574	9520
1.575	8160
1.576	9520
1.577	9520
1.578	8160
1.579	9520
1.58	9520
1.581	8160
1.582	9520
1.583	9520
1.584	8160
1.585	9520
1.586	9520
1.587	4080
1.612	8160
1.613	9520
1.614	8160
1.615	9520
1.616	9520
1.617	8160
1.618	9520
1.619	9520
1.62	8160
1.621	9520
1.622	9520
1.623	8160
1.624	9520
1.625	8160
1.655	8160
1.656	9520
1.657	8160
1.658	9520
1.659	9520
1.66	8160
1.661	9520
1.662	9520
1.663	8160
1.664	9520
1.665	9520
1.666	8160
1.667	9520
1.668	9520
1.669	4080
1.694	8160
1.695	9520
1.696	8160
1.697	9520
1.698	9520
1.699	8160
1.7	9520
1.701	9520
1.702	8160
1.703	9520
1.704	9520
1.705	8160
1.706	9520
1.707	9520
1.708	4080
1.739	8160
1.74	9520
1.741	8160
1.742	9520
1.743	9520
1.744	8160
1.745	9520
1.746	9520
1.747	8160
1.748	9520
1.749	9520
1.75	8160
1.751	9520
1.752	9520
1.753	4080
1.778	8160
1.779	9520
1.78	8160
1.781	9520
1.782	9520
1.783	8160
1.784	9520
1.785	9520
1.786	8160
1.787	9520
1.788	9520
1.789	8160
1.79	9520
1.791	8160
1.821	8160
1.822	9520
1.823	8160
1.824	9520
1.825	9520
1.826	8160
1.827	9520
1.828	9520
1.829	8160
1.83	9520
1.831	9520
1.832	8160
1.833	9520
1.834	9520
1.835	4080
1.86	8160
1.861	9520
1.862	8160
1.863	9520
1.864	9520
1.865	8160
1.866	9520
1.867	9520
1.868	8160
1.869	9520
1.87	9520
1.871	8160
1.872	9520
1.873	9520
1.874	4080
1.905	8160
1.906	9520
1.907	8160
1.908	9520
1.909	9520
1.91	8160
1.911	9520
1.912	9520
1.913	8160
1.914	9520
1.915	9520
1.916	8160
1.917	9520
1.918	9520
1.919	4080
1.944	8160
1.945	9520
1.946	8160
1.947	9520
1.948	9520
1.949	8160
1.95	9520
1.951	9520
1.952	8160
1.953	9520
1.954	9520
1.955	8160
1.956	9520
1.957	8160
1.987	8160
1.988	9520
1.989	8160
1.99	9520
1.991	9520
1.992	8160
1.993	9520
1.994	9520
1.995	8160
1.996	9520
1.997	9520
1.998	8160
1.999	9520
2	9520
2.001	4080
2.026	8160
2.027	9520
2.028	8160
2.029	9520
2.03	9520
2.031	8160
2.032	9520
2.033	9520
2.034	8160
2.035	9520
2.036	9520
2.037	8160
2.038	9520
2.039	9520
2.04	4080
2.075	8160
2.076	9520
2.077	8160
2.078	9520
2.079	9520
2.08	8160
2.081	9520
2.082	9520
2.083	8160
2.084	9520
2.085	9520
2.086	8160
2.087	9520
2.088	9520
2.089	4080
2.117	8160
2.118	9520
2.119	8160
2.12	9520
2.121	9520
2.122	8160
2.123	9520
2.124	9520
2.125	8160
2.126	9520
2.127	9520
2.128	8160
2.129	9520
2.13	9520
2.131	4080
2.157	1360
2.158	8160
2.159	9520
2.16	8160
2.161	9520
2.162	9520
2.163	8160
2.164	9520
2.165	9520
2.166	8160
2.167	9520
2.168	9520
2.169	8160
2.17	9520
2.171	9520
2.172	2720
2.204	8160
2.205	9520
2.206	8160
2.207	9520
2.208	9520
2.209	8160
2.21	9520
2.211	9520
2.212	8160
2.213	9520
2.214	9520
2.215	8160
2.216	9520
2.217	9520
2.218	4080
2.253	8160
2.254	9520
2.255	8160
2.256	9520
2.257	9520
2.258	8160
2.259	9520
2.26	9520
2.261	8160
2.262	9520
2.263	9520
2.264	8160
2.265	9520
2.266	9520
2.267	4080
2.295	8160
2.296	9520
2.297	8160
2.298	9520
2.299	9520
2.3	8160
2.301	9520
2.302	9520
2.303	8160
2.304	9520
2.324	1360
2.329	8160
2.33	9520
2.331	8160
2.332	9520
2.333	9520
2.334	8160
2.335	9520
2.336	9520
2.337	8160
2.338	9520
2.339	9520
2.34	8160
2.341	9520
2.342	9520
2.343	2720
2.368	8160
2.369	9520
2.37	8160
2.371	9520
2.372	9520
2.373	8160
2.374	9520
2.375	9520
2.376	8160
2.377	9520
2.378	9520
2.379	8160
2.38	9520
2.381	9520
2.382	4080
2.399	1360
2.4	8160
2.401	9520
2.402	8160
2.406	8160
2.407	9520
2.408	8160
2.409	9520
2.41	9520
2.411	8160
2.412	9520
2.413	9520
2.414	8160
2.415	9520
2.416	9520
2.417	4080
2.435	1360
2.436	8160
2.437	9520
2.442	8160
2.443	9520
2.444	9520
2.445	8160
2.446	9520
2.447	9520
2.448	8160
2.449	9520
2.45	9520
2.451	8160
2.452	9520
2.453	9520
2.454	2720
2.471	1360
2.472	8160
2.473	9520
2.474	8160
2.478	9520
2.479	9520
2.48	8160
2.481	9520
2.482	9520
2.483	8160
2.484	9520
2.485	9520
2.486	8160
2.487	9520
2.488	9520
2.489	2720
2.507	1360
2.508	8160
2.509	9520
2.514	8160
2.515	9520
2.516	9520
2.517	8160
2.518	9520
2.519	9520
2.52	8160
2.521	9520
2.522	9520
2.523	8160
2.524	9520
2.525	9520
2.526	2720
2.543	1360
2.544	8160
2.545	9520
2.546	8160
2.55	9520
2.551	9520
2.552	8160
2.553	9520
2.554	9520
2.555	8160
2.556	9520
2.557	9520
2.558	8160
2.559	9520
2.56	9520
2.561	2720
2.579	1360
2.58	8160
2.581	9520
2.586	8160
2.587	9520
2.588	9520
2.589	8160
2.59	9520
2.591	9520
2.592	8160
2.593	9520
2.594	9520
2.595	8160
2.596	9520
2.597	9520
2.598	2720
2.615	1360
2.616	8160
2.617	9520
2.618	8160
2.622	9520
2.623	9520
2.624	8160
2.625	9520
2.626	9520
2.627	8160
2.628	9520
2.629	9520
2.63	8160
2.631	9520
2.632	9520
2.633	2720
2.651	1360
2.652	8160
2.653	9520
2.658	8160
2.659	9520
2.66	9520
2.661	8160
2.662	9520
2.663	9520
2.664	8160
2.665	9520
2.666	9520
2.667	8160
2.668	9520
2.669	9520
2.67	2720
2.687	1360
2.688	8160
2.689	9520
2.69	8160
2.694	9520
2.695	9520
2.696	8160
2.697	9520
2.698	9520
2.699	8160
2.7	9520
2.701	9520
2.702	8160
2.703	9520
2.704	9520
2.705	2720
2.723	1360
2.724	8160
2.725	9520
2.73	8160
2.731	9520
2.732	9520
2.733	8160
2.734	9520
2.735	9520
2.736	8160
2.737	9520
2.738	9520
2.739	8160
2.74	9520
2.741	9520
2.742	2720
2.759	1360
2.76	8160
2.761	9520
2.762	8160
2.766	9520
2.767	9520
2.768	8160
2.769	9520
2.77	9520
2.771	8160
2.772	9520
2.773	9520
2.774	8160
2.775	9520
2.776	9520
2.777	2720
2.795	1360
2.796	8160
2.797	9520
2.802	8160
2.803	9520
2.804	9520
2.805	8160
2.806	9520
2.807	9520
2.808	8160
2.809	9520
2.81	9520
2.811	8160
2.812	9520
2.813	9520
2.814	2720
2.831	1360
2.832	8160
2.833	9520
2.834	8160
2.838	9520
2.839	9520
2.84	8160
2.841	9520
2.842	9520
2.843	8160
2.844	9520
2.845	9520
2.846	8160
2.847	9520
2.848	9520
2.849	2720
2.867	1360
2.868	8160
2.869	9520
2.874	8160
2.875	9520
2.876	9520
2.877	8160
2.878	9520
2.879	9520
2.88	8160
2.881	9520
2.882	9520
2.883	8160
2.884	9520
2.885	9520
2.886	2720
2.903	1360
2.904	8160
2.905	9520
2.906	8160
2.91	9520
2.911	9520
2.912	8160
2.913	9520
2.914	9520
2.915	8160
2.916	9520
2.917	9520
2.918	8160
2.919	9520
2.92	9520
2.921	2720
2.939	1360
2.94	8160
2.941	9520
2.946	8160
2.947	9520
2.948	9520
2.949	8160
2.95	9520
2.951	9520
2.952	8160
2.953	9520
2.954	9520
2.955	8160
2.956	9520
2.957	9520
2.958	2720
2.975	1360
2.976	8160
2.977	9520
2.978	8160
2.982	9520
2.983	9520
2.984	8160
2.985	9520
2.986	9520
2.987	8160
2.988	9520
2.989	9520
2.99	8160
2.991	9520
2.992	9520
2.993	2720
3.011	1360
3.012	8160
3.013	9520
3.018	8160
3.019	9520
3.02	9520
3.021	8160
3.022	9520
3.023	9520
3.024	8160
3.025	9520
3.026	9520
3.027	8160
3.028	9520
3.029	9520
3.03	2720
3.047	1360
3.048	8160
3.049	9520
3.05	8160
3.054	9520
3.055	9520
3.056	8160
3.057	9520
3.058	9520
3.059	8160
3.06	9520
3.061	9520
3.062	8160
3.063	9520
3.064	9520
3.065	2720
3.083	1360
3.084	8160
3.085	9520
3.09	8160
3.091	9520
3.092	9520
3.093	8160
3.094	9520
3.095	9520
3.096	8160
3.097	9520
3.098	9520
3.099	8160
3.1	9520
3.101	9520
3.102	2720
3.119	1360
3.12	8160
3.121	9520
3.122	8160
3.126	9520
3.127	9520
3.128	8160
3.129	9520
3.13	9520
3.131	8160
3.132	9520
3.133	9520
3.134	8160
3.135	9520
3.136	9520
3.137	2720
3.155	1360
3.156	8160
3.157	9520
3.162	8160
3.163	9520
3.164	9520
3.165	8160
3.166	9520
3.167	9520
3.168	8160
3.169	9520
3.17	9520
3.171	8160
3.172	9520
3.173	9520
3.174	2720
3.191	1360
3.192	8160
3.193	9520
3.194	8160
3.198	9520
3.199	9520
3.2	8160
3.201	9520
3.202	9520
3.203	8160
3.204	9520
3.205	9520
3.206	8160
3.207	9520
3.208	9520
3.209	2720
3.227	1360
3.228	8160
3.229	9520
3.234	8160
3.235	9520
3.236	9520
3.237	8160
3.238	9520
3.239	9520
3.24	8160
3.241	9520
3.242	9520
3.243	8160
3.244	9520
3.245	9520
3.246	2720
3.263	1360
3.264	8160
3.265	9520
3.266	8160
3.27	9520
3.271	9520
3.272	8160
3.273	9520
3.274	9520
3.275	8160
3.276	9520
3.277	9520
3.278	8160
3.279	9520
3.28	9520
3.281	2720
3.299	1360
3.3	8160
3.301	9520
3.306	8160
3.307	9520
3.308	9520
3.309	8160
3.31	9520
3.311	9520
3.312	8160
3.313	9520
3.314	9520
3.315	8160
3.316	9520
3.317	9520
3.318	2720
3.336	8160
3.337	9520
3.338	8160
3.343	9520
3.344	9520
3.345	8160
3.346	9520
3.347	9520
3.348	8160
3.349	9520
3.35	9520
3.351	8160
3.352	9520
3.353	9520
3.354	4080
3.379	8160
3.38	9520
3.381	8160
3.382	9520
3.383	9520
3.384	8160
3.385	9520
3.386	9520
3.387	8160
3.388	9520
3.389	9520
3.39	8160
3.391	9520
3.392	9520
