1.03593	0	0.035
1.17593	0.035	0.039375
1.17593	0.039375	0.0388281
1.21093	0.0388281	0.0383496
1.21093	0.0383496	0.0379309
1.21093	0.0379309	0.0375645
1.24593	0.0375645	0.037244
1.24593	0.037244	0.0369635
1.24593	0.0369635	0.036718
1.24593	0.036718	0.0365033
1.28093	0.0365033	0.0406904
1.28093	0.0406904	0.0399791
1.28093	0.0399791	0.0393567
1.28093	0.0393567	0.0388121
1.28093	0.0388121	0.0383356
1.28093	0.0383356	0.0379186
1.31593	0.0379186	0.0419288
1.31593	0.0419288	0.0410627
1.31593	0.0410627	0.0403049
1.31593	0.0403049	0.0396418
1.31593	0.0396418	0.0390615
1.31593	0.0390615	0.0385538
1.31593	0.0385538	0.0381096
1.31593	0.0381096	0.0377209
1.31593	0.0377209	0.0373808
1.35093	0.0373808	0.0414582
1.35093	0.0414582	0.0406509
1.35093	0.0406509	0.0399446
1.35093	0.0399446	0.0393265
1.35093	0.0393265	0.0387857
1.35093	0.0387857	0.0383125
1.35093	0.0383125	0.0378984
1.35093	0.0378984	0.0375361
1.35093	0.0375361	0.0372191
1.35093	0.0372191	0.0369417
1.35193	0.0369417	0.036824
1.35193	0.036824	0.036721
1.35193	0.036721	0.0366309
1.35193	0.0366309	0.036552
1.37993	0.036552	0.035608
1.37993	0.035608	0.034782
1.37993	0.034782	0.0340593
1.37993	0.0340593	0.0334268
1.37993	0.0334268	0.0328735
1.37993	0.0328735	0.0323893
1.43693	0.0323893	0.0390906
1.43693	0.0390906	0.0449543
1.43693	0.0449543	0.050085
1.43693	0.050085	0.0545744
1.43693	0.0545744	0.0585026
1.43693	0.0585026	0.0619398
1.43693	0.0619398	0.0649473
1.43693	0.0649473	0.0675789
1.43693	0.0675789	0.0698815
1.43693	0.0698815	0.0717713
1.43693	0.0717713	0.0734249
1.43693	0.0734249	0.0748718
1.43693	0.0748718	0.0761378
1.43693	0.0761378	0.0772456
1.43693	0.0772456	0.0782149
1.43993	0.0782149	0.075938
1.43993	0.075938	0.0739458
1.43993	0.0739458	0.0722026
1.43993	0.0722026	0.0706772
1.43993	0.0706772	0.0693426
1.43993	0.0693426	0.0681748
1.43993	0.0681748	0.0671529
1.43993	0.0671529	0.0662588
1.43993	0.0662588	0.0654764
1.47193	0.0654764	0.0616669
1.47193	0.0616669	0.0583335
1.47193	0.0583335	0.0554168
1.47193	0.0554168	0.0528647
1.47193	0.0528647	0.0506316
1.47193	0.0506316	0.0486777
1.47193	0.0486777	0.046968
1.47193	0.046968	0.045472
1.47193	0.045472	0.044163
1.47193	0.044163	0.0430176
1.47293	0.0430176	0.0421404
1.47293	0.0421404	0.0413729
1.47293	0.0413729	0.0407012
1.47293	0.0407012	0.0401136
1.47293	0.0401136	0.0395994
1.47293	0.0395994	0.0391495
1.47293	0.0391495	0.0387558
1.47293	0.0387558	0.0384113
1.47293	0.0384113	0.0381099
1.47293	0.0381099	0.0378462
1.47393	0.0378462	0.0377404
1.47393	0.0377404	0.0376478
1.47393	0.0376478	0.0375669
1.47393	0.0375669	0.037121
1.47393	0.037121	0.0367309
1.47393	0.0367309	0.0363895
1.47393	0.0363895	0.0360908
1.47393	0.0360908	0.0358295
1.47393	0.0358295	0.0356008
1.47393	0.0356008	0.0354007
1.47493	0.0354007	0.0353506
1.47493	0.0353506	0.0353068
1.47493	0.0353068	0.0352684
1.47493	0.0352684	0.0352349
1.47493	0.0352349	0.0352055
1.47593	0.0352055	0.0353048
1.51093	0.0353048	0.0357667
1.51093	0.0357667	0.0361709
1.51093	0.0361709	0.0365245
1.51093	0.0365245	0.036834
1.51093	0.036834	0.0371047
1.51093	0.0371047	0.0373416
1.51093	0.0373416	0.0375489
1.51093	0.0375489	0.0377303
1.51093	0.0377303	0.037889
1.51093	0.037889	0.0380279
1.51093	0.0380279	0.0381494
1.51093	0.0381494	0.0382557
1.51093	0.0382557	0.0382238
1.51093	0.0382238	0.0381958
1.51093	0.0381958	0.0381713
1.51093	0.0381713	0.0381499
1.51093	0.0381499	0.0381312
1.51093	0.0381312	0.0381148
1.51093	0.0381148	0.0381004
1.51093	0.0381004	0.0379629
1.51093	0.0379629	0.0378425
1.51093	0.0378425	0.0377372
1.51093	0.0377372	0.037645
1.51093	0.037645	0.0375644
1.51093	0.0375644	0.0374939
1.51093	0.0374939	0.0373071
1.51193	0.0373071	0.0372687
1.51193	0.0372687	0.0372351
1.51193	0.0372351	0.0372058
1.51193	0.0372058	0.03718
1.51293	0.03718	0.0372825
1.51293	0.0372825	0.0373722
1.51293	0.0373722	0.0373257
1.51393	0.0373257	0.03741
1.51393	0.03741	0.0374837
1.51393	0.0374837	0.0375483
1.51493	0.0375483	0.0377297
1.51493	0.0377297	0.0378885
1.51493	0.0378885	0.0380274
1.51493	0.0380274	0.038024
1.51593	0.038024	0.038146
1.51593	0.038146	0.0382528
1.51593	0.0382528	0.0383462
1.51693	0.0383462	0.0385529
1.51693	0.0385529	0.0387338
1.51693	0.0387338	0.0388921
1.51793	0.0388921	0.0390306
1.51793	0.0390306	0.0391517
1.55093	0.0391517	0.0392578
1.55093	0.0392578	0.0392255
1.55093	0.0392255	0.0391974
1.55093	0.0391974	0.0391727
1.55093	0.0391727	0.0391511
1.55093	0.0391511	0.0391322
1.55093	0.0391322	0.0391157
1.55093	0.0391157	0.0389762
1.55093	0.0389762	0.0388542
1.55093	0.0388542	0.0387474
1.55193	0.0387474	0.038779
1.55193	0.038779	0.0388066
1.55193	0.0388066	0.0388308
1.55193	0.0388308	0.0388519
1.55193	0.0388519	0.0387454
1.55193	0.0387454	0.0386523
1.55193	0.0386523	0.0385707
1.55193	0.0385707	0.0384994
1.55193	0.0384994	0.038437
1.55193	0.038437	0.0383823
1.55193	0.0383823	0.0383346
1.55193	0.0383346	0.0381677
1.55193	0.0381677	0.0380218
1.55193	0.0380218	0.037894
1.55193	0.037894	0.0377823
1.55193	0.0377823	0.0376845
1.55193	0.0376845	0.0375989
1.55193	0.0375989	0.0375241
1.55193	0.0375241	0.0373336
1.55193	0.0373336	0.0371669
1.55193	0.0371669	0.037021
1.55193	0.037021	0.0368934
1.55193	0.0368934	0.0367817
1.55293	0.0367817	0.036809
1.55293	0.036809	0.0368329
1.55293	0.0368329	0.0367288
1.55393	0.0367288	0.0367627
1.55393	0.0367627	0.0367923
1.55393	0.0367923	0.0368183
1.55493	0.0368183	0.036966
1.55493	0.036966	0.0370953
1.55493	0.0370953	0.0372083
1.55493	0.0372083	0.0371823
1.55593	0.0371823	0.0372845
1.55593	0.0372845	0.0373739
1.55593	0.0373739	0.0374522
1.55693	0.0374522	0.0376457
1.55693	0.0376457	0.03769
1.59493	0.03769	0.0384787
1.59493	0.0384787	0.0390439
1.59493	0.0390439	0.0395384
1.59493	0.0395384	0.0399711
1.59493	0.0399711	0.0403497
1.59493	0.0403497	0.040681
1.59493	0.040681	0.0409709
1.59493	0.0409709	0.0412245
1.59493	0.0412245	0.0413214
1.59493	0.0413214	0.0414063
1.59593	0.0414063	0.0416055
1.59593	0.0416055	0.0417798
1.59593	0.0417798	0.0419323
1.59593	0.0419323	0.0420658
1.59593	0.0420658	0.0421826
1.59593	0.0421826	0.0421597
1.59593	0.0421597	0.0421398
1.59593	0.0421398	0.0421223
1.59593	0.0421223	0.042107
1.59593	0.042107	0.0420936
1.59693	0.0420936	0.0422069
1.59693	0.0422069	0.0421811
1.59693	0.0421811	0.0421584
1.59693	0.0421584	0.0421386
1.59693	0.0421386	0.0421213
1.59693	0.0421213	0.0421061
1.59693	0.0421061	0.0420929
1.59693	0.0420929	0.0420813
1.59693	0.0420813	0.0419461
1.59693	0.0419461	0.0418278
1.59793	0.0418278	0.0418494
1.59793	0.0418494	0.0418682
1.59793	0.0418682	0.0418847
1.59793	0.0418847	0.0418991
1.59793	0.0418991	0.0419117
1.59793	0.0419117	0.0417977
1.59893	0.0417977	0.041823
1.59893	0.041823	0.0418451
1.59893	0.0418451	0.0418645
1.59993	0.0418645	0.0420064
1.59993	0.0420064	0.0421306
1.59993	0.0421306	0.0422393
1.59993	0.0422393	0.0422094
1.60093	0.0422094	0.0423082
1.60093	0.0423082	0.0423947
1.60093	0.0423947	0.0424703
1.63493	0.0424703	0.0467866
1.63493	0.0467866	0.0505632
1.63593	0.0505632	0.0493678
1.63593	0.0493678	0.0481969
1.63593	0.0481969	0.0471722
1.63593	0.0471722	0.0462757
1.63593	0.0462757	0.0454912
1.63593	0.0454912	0.0448048
1.63593	0.0448048	0.0442042
1.63593	0.0442042	0.0435537
1.63593	0.0435537	0.0429845
1.63593	0.0429845	0.0424864
1.63593	0.0424864	0.0420506
1.63593	0.0420506	0.0416693
1.63593	0.0416693	0.0413356
1.63593	0.0413356	0.0410437
1.63593	0.0410437	0.0406632
1.63593	0.0406632	0.0403303
1.63593	0.0403303	0.040039
1.63593	0.040039	0.0397841
1.63593	0.0397841	0.0395611
1.63593	0.0395611	0.039366
1.63593	0.039366	0.0391952
1.63593	0.0391952	0.0389208
1.63593	0.0389208	0.0386807
1.63593	0.0386807	0.0384706
1.63593	0.0384706	0.0382868
1.63593	0.0382868	0.038126
1.63593	0.038126	0.0379852
1.63593	0.0379852	0.0378621
1.63593	0.0378621	0.0376293
1.63593	0.0376293	0.0374256
1.63593	0.0374256	0.0372474
1.63593	0.0372474	0.0370915
1.63593	0.0370915	0.0369551
1.63693	0.0369551	0.0369607
1.63693	0.0369607	0.0369656
1.63693	0.0369656	0.0368449
1.63793	0.0368449	0.0368643
1.63793	0.0368643	0.0368812
1.63793	0.0368812	0.0368961
1.63893	0.0368961	0.0370341
1.63893	0.0370341	0.0371548
1.63893	0.0371548	0.0372605
1.63893	0.0372605	0.0372279
1.63993	0.0372279	0.0373244
1.63993	0.0373244	0.0374089
1.63993	0.0374089	0.0374828
1.67693	0.0374828	0.0380474
1.67693	0.0380474	0.0384165
1.67693	0.0384165	0.0387394
1.67693	0.0387394	0.038897
1.67693	0.038897	0.0390349
1.67693	0.0390349	0.0391555
1.67693	0.0391555	0.0392611
1.67693	0.0392611	0.0393534
1.67693	0.0393534	0.0394343
1.67693	0.0394343	0.039505
1.67793	0.039505	0.0395669
1.67793	0.0395669	0.039621
1.67793	0.039621	0.0396684
1.67793	0.0396684	0.0397098
1.67793	0.0397098	0.0397461
1.67793	0.0397461	0.0397778
1.67793	0.0397778	0.0396806
1.67793	0.0396806	0.0395955
1.67793	0.0395955	0.0395211
1.67793	0.0395211	0.039456
1.67893	0.039456	0.039524
1.67893	0.039524	0.0395835
1.67893	0.0395835	0.0396355
1.67893	0.0396355	0.0395561
1.67893	0.0395561	0.0394866
1.67893	0.0394866	0.0394258
1.67893	0.0394258	0.0393725
1.67893	0.0393725	0.039326
1.67893	0.039326	0.0392852
1.67893	0.0392852	0.0392496
1.67993	0.0392496	0.0392184
1.67993	0.0392184	0.0391911
1.67993	0.0391911	0.0391672
1.67993	0.0391672	0.0391463
1.67993	0.0391463	0.039128
1.67993	0.039128	0.039112
1.68093	0.039112	0.039223
1.68093	0.039223	0.0391951
1.68093	0.0391951	0.0391707
1.68193	0.0391707	0.0392744
1.68193	0.0392744	0.0393651
1.68193	0.0393651	0.0394445
1.68193	0.0394445	0.0395139
1.68293	0.0395139	0.0396997
1.68293	0.0396997	0.0397372
1.68293	0.0397372	0.0397701
1.68393	0.0397701	0.0399238
1.68393	0.0399238	0.0400583
1.71793	0.0400583	0.040176
1.71793	0.040176	0.040154
1.71793	0.040154	0.0401348
1.71793	0.0401348	0.0401179
1.71793	0.0401179	0.0401032
1.71793	0.0401032	0.0400903
1.71793	0.0400903	0.040079
1.71793	0.040079	0.0400691
1.71793	0.0400691	0.0399355
1.71793	0.0399355	0.0398185
1.71793	0.0398185	0.0397162
1.71793	0.0397162	0.0396267
1.71793	0.0396267	0.0395484
1.71793	0.0395484	0.0394798
1.71793	0.0394798	0.0394198
1.71793	0.0394198	0.0392424
1.71793	0.0392424	0.0390871
1.71793	0.0390871	0.0389512
1.71793	0.0389512	0.0388323
1.71793	0.0388323	0.0387282
1.71793	0.0387282	0.0386372
1.71793	0.0386372	0.0385576
1.71793	0.0385576	0.0383629
1.71793	0.0383629	0.0381925
1.71793	0.0381925	0.0380434
1.71793	0.0380434	0.037913
1.71793	0.037913	0.0377989
1.71793	0.0377989	0.037699
1.71793	0.037699	0.0374866
1.71793	0.0374866	0.0373008
1.71793	0.0373008	0.0371382
1.71793	0.0371382	0.0369959
1.71793	0.0369959	0.0368714
1.71893	0.0368714	0.0368875
1.71893	0.0368875	0.0369016
1.71893	0.0369016	0.0367889
1.71993	0.0367889	0.0368153
1.71993	0.0368153	0.0368384
1.71993	0.0368384	0.0368586
1.72093	0.0368586	0.0370012
1.72093	0.0370012	0.0371261
1.72093	0.0371261	0.0372353
1.72093	0.0372353	0.0372059
1.72193	0.0372059	0.0373052
1.72193	0.0373052	0.037392
1.72193	0.037392	0.037468
1.72293	0.037468	0.0376595
1.72293	0.0376595	0.0377021
1.76093	0.0377021	0.0383643
1.76093	0.0383643	0.0388188
1.76093	0.0388188	0.0392164
1.76093	0.0392164	0.0395644
1.76093	0.0395644	0.0398688
1.76093	0.0398688	0.0401352
1.76093	0.0401352	0.0403683
1.76093	0.0403683	0.0405723
1.76093	0.0405723	0.0406257
1.76093	0.0406257	0.0406725
1.76193	0.0406725	0.0408385
1.76193	0.0408385	0.0409837
1.76193	0.0409837	0.0411107
1.76193	0.0411107	0.0412219
1.76193	0.0412219	0.0413191
1.76193	0.0413191	0.0412792
1.76193	0.0412792	0.0412443
1.76193	0.0412443	0.0412138
1.76193	0.0412138	0.0411871
1.76193	0.0411871	0.0411637
1.76293	0.0411637	0.0412682
1.76293	0.0412682	0.0413597
1.76293	0.0413597	0.0413147
1.76293	0.0413147	0.0412754
1.76293	0.0412754	0.041241
1.76293	0.041241	0.0412108
1.76293	0.0412108	0.0411845
1.76293	0.0411845	0.0411614
1.76293	0.0411614	0.0411412
1.76293	0.0411412	0.0409986
1.76393	0.0409986	0.0409988
1.76393	0.0409988	0.0409989
1.76393	0.0409989	0.0409991
1.76393	0.0409991	0.0409992
1.76393	0.0409992	0.0409993
1.76393	0.0409993	0.0408744
1.76493	0.0408744	0.0408901
1.76493	0.0408901	0.0409038
1.76493	0.0409038	0.0409158
1.76593	0.0409158	0.0410514
1.76593	0.0410514	0.0411699
1.76593	0.0411699	0.0412737
1.76593	0.0412737	0.0412395
1.76693	0.0412395	0.0413345
1.76693	0.0413345	0.0414177
1.76693	0.0414177	0.0414905
1.80093	0.0414905	0.0458042
1.80093	0.0458042	0.0495787
1.80193	0.0495787	0.0485063
1.80193	0.0485063	0.047443
1.80193	0.047443	0.0465127
1.80193	0.0465127	0.0456986
1.80193	0.0456986	0.0449863
1.80193	0.0449863	0.044363
1.80193	0.044363	0.0438176
1.80193	0.0438176	0.0433404
1.80193	0.0433404	0.0427978
1.80193	0.0427978	0.0423231
1.80193	0.0423231	0.0419077
1.80193	0.0419077	0.0415443
1.80193	0.0415443	0.0412262
1.80193	0.0412262	0.0409479
1.80193	0.0409479	0.0407045
1.80193	0.0407045	0.0403664
1.80193	0.0403664	0.0400706
1.80193	0.0400706	0.0398118
1.80193	0.0398118	0.0395853
1.80193	0.0395853	0.0393871
1.80193	0.0393871	0.0392137
1.80193	0.0392137	0.039062
1.80193	0.039062	0.0388043
1.80193	0.0388043	0.0385787
1.80193	0.0385787	0.0383814
1.80193	0.0383814	0.0382087
1.80193	0.0382087	0.0380576
1.80193	0.0380576	0.0379254
1.80193	0.0379254	0.0376847
1.80193	0.0376847	0.0374742
1.80193	0.0374742	0.0372899
1.80193	0.0372899	0.0371286
1.80193	0.0371286	0.0369876
1.80293	0.0369876	0.0369891
1.80293	0.0369891	0.0369905
1.80293	0.0369905	0.0368667
1.80393	0.0368667	0.0368833
1.80393	0.0368833	0.0368979
1.80393	0.0368979	0.0369107
1.80493	0.0369107	0.0370468
1.80493	0.0370468	0.037166
1.80493	0.037166	0.0372702
1.80493	0.0372702	0.0372365
1.80593	0.0372365	0.0373319
1.80593	0.0373319	0.0374154
1.80593	0.0374154	0.0374885
1.84293	0.0374885	0.0380524
1.84293	0.0380524	0.0384209
1.84293	0.0384209	0.0387433
1.84293	0.0387433	0.0389004
1.84293	0.0389004	0.0390378
1.84293	0.0390378	0.0391581
1.84293	0.0391581	0.0392633
1.84293	0.0392633	0.0393554
1.84293	0.0393554	0.039436
1.84293	0.039436	0.0393815
1.84393	0.0393815	0.0394588
1.84393	0.0394588	0.0395264
1.84393	0.0395264	0.0395856
1.84393	0.0395856	0.0396374
1.84393	0.0396374	0.0396828
1.84393	0.0396828	0.0397224
1.84393	0.0397224	0.0396321
1.84393	0.0396321	0.0395531
1.84393	0.0395531	0.039484
1.84393	0.039484	0.0394235
1.84493	0.0394235	0.0394955
1.84493	0.0394955	0.0395586
1.84493	0.0395586	0.0396138
1.84493	0.0396138	0.039537
1.84493	0.039537	0.0394699
1.84493	0.0394699	0.0394112
1.84493	0.0394112	0.0393598
1.84493	0.0393598	0.0393148
1.84493	0.0393148	0.0392755
1.84493	0.0392755	0.039241
1.84593	0.039241	0.0392109
1.84593	0.0392109	0.0391845
1.84593	0.0391845	0.0391615
1.84593	0.0391615	0.0391413
1.84593	0.0391413	0.0391236
1.84593	0.0391236	0.0391082
1.84693	0.0391082	0.0392196
1.84693	0.0392196	0.0391922
1.84693	0.0391922	0.0391682
1.84793	0.0391682	0.0392721
1.84793	0.0392721	0.0393631
1.84793	0.0393631	0.0394427
1.84793	0.0394427	0.0395124
1.84893	0.0395124	0.0396983
1.84893	0.0396983	0.0397361
1.84893	0.0397361	0.039769
1.84993	0.039769	0.0399229
1.84993	0.0399229	0.0400575
1.88393	0.0400575	0.0401754
1.88393	0.0401754	0.0401534
1.88393	0.0401534	0.0401343
1.88393	0.0401343	0.0401175
1.88393	0.0401175	0.0401028
1.88393	0.0401028	0.0400899
1.88393	0.0400899	0.0400787
1.88393	0.0400787	0.0400689
1.88393	0.0400689	0.0399353
1.88393	0.0399353	0.0398183
1.88393	0.0398183	0.0397161
1.88393	0.0397161	0.0396265
1.88393	0.0396265	0.0395482
1.88393	0.0395482	0.0394797
1.88393	0.0394797	0.0392947
1.88393	0.0392947	0.0391329
1.88393	0.0391329	0.0389913
1.88393	0.0389913	0.0388674
1.88393	0.0388674	0.0387589
1.88393	0.0387589	0.0386641
1.88393	0.0386641	0.0385811
1.88393	0.0385811	0.0383834
1.88393	0.0383834	0.0382105
1.88393	0.0382105	0.0380592
1.88393	0.0380592	0.0379268
1.88393	0.0379268	0.0378109
1.88393	0.0378109	0.0377096
1.88393	0.0377096	0.0376209
1.88393	0.0376209	0.0374183
1.88393	0.0374183	0.037241
1.88393	0.037241	0.0370859
1.88393	0.0370859	0.0369501
1.88393	0.0369501	0.0368314
1.88493	0.0368314	0.0368524
1.88493	0.0368524	0.0368709
1.88493	0.0368709	0.036762
1.88593	0.036762	0.0367918
1.88593	0.0367918	0.0368178
1.88593	0.0368178	0.0368406
1.88693	0.0368406	0.0369855
1.88693	0.0369855	0.0371123
1.88693	0.0371123	0.0372233
1.88693	0.0372233	0.0371954
1.88793	0.0371954	0.0372959
1.88793	0.0372959	0.0373839
1.88793	0.0373839	0.037461
1.88893	0.037461	0.0376533
1.88893	0.0376533	0.0376967
1.92693	0.0376967	0.0383596
1.92693	0.0383596	0.0388146
1.92693	0.0388146	0.0392128
1.92693	0.0392128	0.0395612
1.92693	0.0395612	0.0398661
1.92693	0.0398661	0.0401328
1.92693	0.0401328	0.0403662
1.92693	0.0403662	0.0405704
1.92693	0.0405704	0.0406241
1.92693	0.0406241	0.0406711
1.92793	0.0406711	0.0408372
1.92793	0.0408372	0.0409826
1.92793	0.0409826	0.0411097
1.92793	0.0411097	0.041221
1.92793	0.041221	0.0413184
1.92793	0.0413184	0.0412786
1.92793	0.0412786	0.0412438
1.92793	0.0412438	0.0412133
1.92793	0.0412133	0.0411866
1.92793	0.0411866	0.0411633
1.92893	0.0411633	0.0412679
1.92893	0.0412679	0.0412344
1.92893	0.0412344	0.0412051
1.92893	0.0412051	0.0411795
1.92893	0.0411795	0.041157
1.92893	0.041157	0.0411374
1.92893	0.0411374	0.0411202
1.92893	0.0411202	0.0411052
1.92893	0.0411052	0.040967
1.92893	0.040967	0.0408462
1.92993	0.0408462	0.0408654
1.92993	0.0408654	0.0408822
1.92993	0.0408822	0.0408969
1.92993	0.0408969	0.0409098
1.92993	0.0409098	0.0409211
1.92993	0.0409211	0.040806
1.93093	0.040806	0.0408302
1.93093	0.0408302	0.0408514
1.93093	0.0408514	0.04087
1.93193	0.04087	0.0410113
1.93193	0.0410113	0.0411348
1.93193	0.0411348	0.041243
1.93193	0.041243	0.0412126
1.93293	0.0412126	0.041311
1.93293	0.041311	0.0413972
1.93293	0.0413972	0.0414725
1.96693	0.0414725	0.0457885
1.96693	0.0457885	0.0495649
1.96793	0.0495649	0.0484943
1.96793	0.0484943	0.0474325
1.96793	0.0474325	0.0465034
1.96793	0.0465034	0.0456905
1.96793	0.0456905	0.0449792
1.96793	0.0449792	0.0443568
1.96793	0.0443568	0.0438122
1.96793	0.0438122	0.0433357
1.96793	0.0433357	0.0427937
1.96793	0.0427937	0.0423195
1.96793	0.0423195	0.0419046
1.96793	0.0419046	0.0415415
1.96793	0.0415415	0.0412238
1.96793	0.0412238	0.0409458
1.96793	0.0409458	0.0405776
1.96793	0.0405776	0.0402554
1.96793	0.0402554	0.0399735
1.96793	0.0399735	0.0397268
1.96793	0.0397268	0.0395109
1.96793	0.0395109	0.0393221
1.96793	0.0393221	0.0391568
1.96793	0.0391568	0.0388872
1.96793	0.0388872	0.0386513
1.96793	0.0386513	0.0384449
1.96793	0.0384449	0.0382643
1.96793	0.0382643	0.0381062
1.96793	0.0381062	0.037968
1.96793	0.037968	0.037847
1.96793	0.037847	0.0376161
1.96793	0.0376161	0.0374141
1.96793	0.0374141	0.0372373
1.96793	0.0372373	0.0370827
1.96793	0.0370827	0.0369473
1.96893	0.0369473	0.0369539
1.96893	0.0369539	0.0369597
1.96893	0.0369597	0.0368397
1.96993	0.0368397	0.0368597
1.96993	0.0368597	0.0368773
1.96993	0.0368773	0.0368926
1.97093	0.0368926	0.037031
1.97093	0.037031	0.0371522
1.97093	0.0371522	0.0372581
1.97093	0.0372581	0.0372259
1.97193	0.0372259	0.0373226
1.97193	0.0373226	0.0374073
1.97193	0.0374073	0.0374814
2.00893	0.0374814	0.0380462
2.00893	0.0380462	0.0384154
2.00893	0.0384154	0.0387385
2.00893	0.0387385	0.0388962
2.00893	0.0388962	0.0390342
2.00893	0.0390342	0.0391549
2.00893	0.0391549	0.0392605
2.00893	0.0392605	0.039353
2.00893	0.039353	0.0394338
2.00893	0.0394338	0.0395046
2.00893	0.0395046	0.0394415
2.00893	0.0394415	0.0393863
2.00893	0.0393863	0.0393381
2.00893	0.0393381	0.0392958
2.00893	0.0392958	0.0392588
2.00893	0.0392588	0.0392265
2.00893	0.0392265	0.0391982
2.00893	0.0391982	0.0390484
2.00893	0.0390484	0.0389173
2.00893	0.0389173	0.0388027
2.00893	0.0388027	0.0387023
2.00893	0.0387023	0.0386145
2.00893	0.0386145	0.0385377
2.00893	0.0385377	0.0384705
2.00893	0.0384705	0.0382867
2.00893	0.0382867	0.0381259
2.00993	0.0381259	0.0381101
2.00993	0.0381101	0.0380964
2.00993	0.0380964	0.0380843
2.01093	0.0380843	0.0381988
2.01093	0.0381988	0.0381739
2.01093	0.0381739	0.0381522
2.01093	0.0381522	0.0381332
2.01193	0.0381332	0.0382415
2.01193	0.0382415	0.0383363
2.01193	0.0383363	0.0384193
2.01293	0.0384193	0.0386169
2.01293	0.0386169	0.0386648
2.01293	0.0386648	0.0387067
2.01393	0.0387067	0.0388683
2.01393	0.0388683	0.0390098
2.01393	0.0390098	0.0391336
2.01393	0.0391336	0.0392419
2.01493	0.0392419	0.0394616
2.01493	0.0394616	0.0395289
2.01493	0.0395289	0.0395878
2.01593	0.0395878	0.0397643
2.01593	0.0397643	0.0399188
2.05093	0.0399188	0.0401789
2.05093	0.0401789	0.0402816
2.05093	0.0402816	0.0403714
2.05093	0.0403714	0.04045
2.05093	0.04045	0.0405187
2.05093	0.0405187	0.0405789
2.05093	0.0405789	0.0406315
2.05093	0.0406315	0.0406776
2.05093	0.0406776	0.0405929
2.05093	0.0405929	0.0405188
2.05093	0.0405188	0.0404539
2.05093	0.0404539	0.0403972
2.05093	0.0403972	0.0403475
2.05093	0.0403475	0.0403041
2.05093	0.0403041	0.0402661
2.05093	0.0402661	0.0401078
2.05093	0.0401078	0.0399693
2.05093	0.0399693	0.0398482
2.05093	0.0398482	0.0397421
2.05093	0.0397421	0.0396494
2.05093	0.0396494	0.0395682
2.05093	0.0395682	0.0394972
2.05093	0.0394972	0.03931
2.05093	0.03931	0.0391463
2.05093	0.0391463	0.039003
2.05093	0.039003	0.0388776
2.05093	0.0388776	0.0387679
2.05093	0.0387679	0.0386719
2.05093	0.0386719	0.0385879
2.05093	0.0385879	0.0383894
2.05093	0.0383894	0.0382158
2.05093	0.0382158	0.0380638
2.05093	0.0380638	0.0379308
2.05093	0.0379308	0.0378145
2.05093	0.0378145	0.0377127
2.05093	0.0377127	0.0374986
2.05193	0.0374986	0.0374363
2.05193	0.0374363	0.0373817
2.05193	0.0373817	0.037334
2.05293	0.037334	0.0374173
2.05293	0.0374173	0.0374901
2.05293	0.0374901	0.0375538
2.05293	0.0375538	0.0374846
2.05393	0.0374846	0.037549
2.05393	0.037549	0.0376054
2.05393	0.0376054	0.0376547
2.05593	0.0376547	0.0379479
2.05593	0.0379479	0.0380794
2.09693	0.0380794	0.0390695
2.09693	0.0390695	0.0398108
2.09693	0.0398108	0.0404594
2.09693	0.0404594	0.041027
2.09693	0.041027	0.0415236
2.09693	0.0415236	0.0419582
2.09693	0.0419582	0.0423384
2.09693	0.0423384	0.0426711
2.09693	0.0426711	0.0428372
2.09693	0.0428372	0.0429826
2.09793	0.0429826	0.0432347
2.09793	0.0432347	0.0434554
2.09793	0.0434554	0.0436485
2.09793	0.0436485	0.0438174
2.09793	0.0438174	0.0439652
2.09793	0.0439652	0.0439696
2.09793	0.0439696	0.0439734
2.09793	0.0439734	0.0439767
2.09793	0.0439767	0.0439796
2.09793	0.0439796	0.0439822
2.09893	0.0439822	0.0441094
2.09893	0.0441094	0.0442207
2.09893	0.0442207	0.0441931
2.09893	0.0441931	0.044169
2.09893	0.044169	0.0441479
2.09893	0.0441479	0.0441294
2.09893	0.0441294	0.0441132
2.09893	0.0441132	0.0440991
2.09893	0.0440991	0.0440867
2.09893	0.0440867	0.0439508
2.09993	0.0439508	0.043957
2.09993	0.043957	0.0439624
2.09993	0.0439624	0.0439671
2.09993	0.0439671	0.0439712
2.09993	0.0439712	0.0439748
2.09993	0.0439748	0.0438529
2.10093	0.0438529	0.0438713
2.10093	0.0438713	0.0438874
2.10093	0.0438874	0.0439015
2.10193	0.0439015	0.0440388
2.10193	0.0440388	0.0441589
2.10193	0.0441589	0.0442641
2.10193	0.0442641	0.0442311
2.10293	0.0442311	0.0443272
2.10293	0.0443272	0.0444113
2.10293	0.0444113	0.0444849
2.10393	0.0444849	0.0446743
2.10393	0.0446743	0.04484
2.14393	0.04484	0.04511
2.14393	0.04511	0.0452212
2.14393	0.0452212	0.0453186
2.14393	0.0453186	0.0454038
2.14393	0.0454038	0.0454783
2.14393	0.0454783	0.0455435
2.14393	0.0455435	0.0456006
2.14393	0.0456006	0.0455255
2.14393	0.0455255	0.0454598
2.14393	0.0454598	0.0454023
2.14393	0.0454023	0.045352
2.14393	0.045352	0.045308
2.14393	0.045308	0.0452695
2.14393	0.0452695	0.0452358
2.14393	0.0452358	0.0450814
2.14393	0.0450814	0.0449462
2.14393	0.0449462	0.0448279
2.14393	0.0448279	0.0447244
2.14393	0.0447244	0.0446339
2.14393	0.0446339	0.0445546
2.14393	0.0445546	0.0444853
2.14393	0.0444853	0.0442996
2.14393	0.0442996	0.0441372
2.14393	0.0441372	0.043995
2.14393	0.043995	0.0438707
2.14393	0.0438707	0.0437618
2.14393	0.0437618	0.0436666
2.14393	0.0436666	0.0435833
2.14393	0.0435833	0.0433854
2.14393	0.0433854	0.0432122
2.14393	0.0432122	0.0430607
2.14393	0.0430607	0.0429281
2.14393	0.0429281	0.0428121
2.14393	0.0428121	0.0427106
2.14393	0.0427106	0.0426217
2.14393	0.0426217	0.042419
2.14393	0.042419	0.0422416
2.14393	0.0422416	0.0420864
2.14393	0.0420864	0.0419506
2.14393	0.0419506	0.0418318
2.14393	0.0418318	0.0417278
2.14393	0.0417278	0.0416369
2.14393	0.0416369	0.0414322
2.14493	0.0414322	0.0413782
2.14493	0.0413782	0.0413309
2.14493	0.0413309	0.0412896
2.14593	0.0412896	0.0413784
2.14593	0.0413784	0.0413311
2.18093	0.0413311	0.0407897
2.18093	0.0407897	0.040191
2.18093	0.040191	0.0396671
2.18093	0.0396671	0.0392087
2.18093	0.0392087	0.0388076
2.18093	0.0388076	0.0384567
2.18093	0.0384567	0.0381496
2.18093	0.0381496	0.0377559
2.18093	0.0377559	0.0374114
2.18093	0.0374114	0.03711
2.18093	0.03711	0.0368462
2.18093	0.0368462	0.0366155
2.18093	0.0366155	0.0364135
2.18093	0.0364135	0.0362368
2.18093	0.0362368	0.0359572
2.18093	0.0359572	0.0357126
2.18093	0.0357126	0.0354985
2.18093	0.0354985	0.0353112
2.18093	0.0353112	0.0351473
2.18093	0.0351473	0.0350039
2.18093	0.0350039	0.0348784
2.18093	0.0348784	0.0346436
2.18093	0.0346436	0.0344381
2.18093	0.0344381	0.0342584
2.18093	0.0342584	0.0341011
2.18093	0.0341011	0.0339634
2.18093	0.0339634	0.033843
2.18093	0.033843	0.0337376
2.18093	0.0337376	0.0335204
2.18093	0.0335204	0.0333304
2.18193	0.0333304	0.0332891
2.18193	0.0332891	0.0332529
2.18193	0.0332529	0.0332213
2.18293	0.0332213	0.0333187
2.18293	0.0333187	0.0334038
2.18293	0.0334038	0.0333533
2.18293	0.0333533	0.0333092
2.18393	0.0333092	0.0333955
2.18393	0.0333955	0.0334711
2.18393	0.0334711	0.0335372
2.18493	0.0335372	0.0337201
2.18493	0.0337201	0.03388
2.18493	0.03388	0.033895
2.18593	0.033895	0.0340332
2.18593	0.0340332	0.034154
2.18593	0.034154	0.0342598
2.18593	0.0342598	0.0343523
2.18693	0.0343523	0.0345583
2.22793	0.0345583	0.0361135
2.22793	0.0361135	0.0373493
2.22793	0.0373493	0.0384306
2.22793	0.0384306	0.0393768
2.22793	0.0393768	0.0402047
2.22793	0.0402047	0.0409291
2.22793	0.0409291	0.041563
2.22793	0.041563	0.0421176
2.22793	0.0421176	0.0424779
2.22793	0.0424779	0.0427932
2.22893	0.0427932	0.043194
2.22893	0.043194	0.0435448
2.22893	0.0435448	0.0438517
2.22893	0.0438517	0.0441202
2.22893	0.0441202	0.0442302
2.22893	0.0442302	0.0443264
2.22893	0.0443264	0.0444106
2.22893	0.0444106	0.0444843
2.22893	0.0444843	0.0445487
2.22893	0.0445487	0.0446052
2.22993	0.0446052	0.0447795
2.22993	0.0447795	0.0448071
2.22993	0.0448071	0.0448312
2.22993	0.0448312	0.0448523
2.22993	0.0448523	0.0448708
2.22993	0.0448708	0.0448869
2.22993	0.0448869	0.044901
2.22993	0.044901	0.0449134
2.22993	0.0449134	0.0447992
2.22993	0.0447992	0.0446993
2.23093	0.0446993	0.0447369
2.23093	0.0447369	0.0447698
2.23093	0.0447698	0.0447986
2.23093	0.0447986	0.0448238
2.23093	0.0448238	0.0448458
2.23093	0.0448458	0.0447401
2.23093	0.0447401	0.0446476
2.23093	0.0446476	0.0445666
2.23093	0.0445666	0.0444958
2.23093	0.0444958	0.0444338
2.23093	0.0444338	0.0443796
2.23193	0.0443796	0.0444571
2.23193	0.0444571	0.0444
2.23193	0.0444	0.04435
2.23193	0.04435	0.0443062
2.23193	0.0443062	0.044268
2.23293	0.044268	0.0443595
2.23293	0.0443595	0.0444395
2.27493	0.0444395	0.0447596
2.27493	0.0447596	0.0449146
2.27493	0.0449146	0.0450503
2.27493	0.0450503	0.045169
2.27493	0.045169	0.0452729
2.27493	0.0452729	0.0453638
2.27493	0.0453638	0.0454433
2.27493	0.0454433	0.0455129
2.27493	0.0455129	0.0454488
2.27493	0.0454488	0.0453927
2.27493	0.0453927	0.0453436
2.27493	0.0453436	0.0453006
2.27493	0.0453006	0.0452631
2.27493	0.0452631	0.0452302
2.27493	0.0452302	0.0450764
2.27493	0.0450764	0.0449419
2.27493	0.0449419	0.0448241
2.27493	0.0448241	0.0447211
2.27493	0.0447211	0.044631
2.27493	0.044631	0.0445521
2.27493	0.0445521	0.0444831
2.27493	0.0444831	0.0442977
2.27493	0.0442977	0.0441355
2.27493	0.0441355	0.0439935
2.27493	0.0439935	0.0438694
2.27493	0.0438694	0.0437607
2.27593	0.0437607	0.0437906
2.27593	0.0437906	0.0438168
2.27593	0.0438168	0.0437147
2.27693	0.0437147	0.0437503
2.27693	0.0437503	0.0437816
2.27693	0.0437816	0.0438089
2.27693	0.0438089	0.0438327
2.31093	0.0438327	0.0481037
2.31093	0.0481037	0.0518407
2.31093	0.0518407	0.0549856
2.31093	0.0549856	0.0577374
2.31093	0.0577374	0.0601452
2.31093	0.0601452	0.0622521
2.31093	0.0622521	0.0640956
2.31093	0.0640956	0.0657086
2.31093	0.0657086	0.06712
2.31093	0.06712	0.06823
2.31093	0.06823	0.0692013
2.31093	0.0692013	0.0700511
2.31093	0.0700511	0.0707947
2.31093	0.0707947	0.0714454
2.31093	0.0714454	0.0720147
2.31793	0.0720147	0.0683879
2.31793	0.0683879	0.0650894
2.31793	0.0650894	0.0622032
2.31793	0.0622032	0.0596778
2.31793	0.0596778	0.0574681
2.31793	0.0574681	0.0555346
2.31793	0.0555346	0.0538428
2.31793	0.0538428	0.0522374
2.31793	0.0522374	0.0508327
2.31793	0.0508327	0.0496036
2.31793	0.0496036	0.0485282
2.31793	0.0485282	0.0475872
2.31793	0.0475872	0.0467638
2.31793	0.0467638	0.0460433
2.31793	0.0460433	0.0452879
2.31793	0.0452879	0.0446269
2.31793	0.0446269	0.0440485
2.31793	0.0440485	0.0435425
2.31793	0.0435425	0.0430997
2.31793	0.0430997	0.0427122
2.31793	0.0427122	0.0423732
2.31793	0.0423732	0.0419515
2.31793	0.0419515	0.0415826
2.31793	0.0415826	0.0412598
2.31793	0.0412598	0.0409773
2.31793	0.0409773	0.0407301
2.31793	0.0407301	0.0405139
2.31793	0.0405139	0.0403246
2.31793	0.0403246	0.0400341
2.31893	0.0400341	0.0399048
2.31893	0.0399048	0.0397917
2.31893	0.0397917	0.0396927
2.31893	0.0396927	0.0396061
2.35393	0.0396061	0.0400304
2.35393	0.0400304	0.0402766
2.35393	0.0402766	0.040492
2.35393	0.040492	0.0406805
2.35393	0.0406805	0.0408454
2.35393	0.0408454	0.0409898
2.35393	0.0409898	0.041116
2.35393	0.041116	0.0412265
2.35393	0.0412265	0.0411982
2.35393	0.0411982	0.0411734
2.35493	0.0411734	0.0412768
2.35493	0.0412768	0.0413672
2.35493	0.0413672	0.0414463
2.35493	0.0414463	0.0415155
2.35493	0.0415155	0.041576
2.35493	0.041576	0.041004
2.35493	0.041004	0.0403785
2.35493	0.0403785	0.0398312
2.35493	0.0398312	0.0393523
2.35493	0.0393523	0.0389333
2.35593	0.0389333	0.0386916
2.35593	0.0386916	0.0384802
2.35593	0.0384802	0.0381701
2.35593	0.0381701	0.0378989
2.35593	0.0378989	0.0376615
2.35593	0.0376615	0.0374538
2.35593	0.0374538	0.0372721
2.35593	0.0372721	0.0371131
2.35593	0.0371131	0.0369739
2.35593	0.0369739	0.0367272
2.35693	0.0367272	0.0366363
2.35693	0.0366363	0.0365568
2.35693	0.0365568	0.0364872
2.35693	0.0364872	0.0364263
2.35693	0.0364263	0.036373
2.35693	0.036373	0.0363264
2.35693	0.0363264	0.0361606
2.35693	0.0361606	0.0360155
2.35693	0.0360155	0.0358886
2.35693	0.0358886	0.0357775
2.35693	0.0357775	0.0356803
2.35793	0.0356803	0.0357203
2.35793	0.0357203	0.0357552
2.35793	0.0357552	0.0356608
2.35793	0.0356608	0.0355782
2.35793	0.0355782	0.0355059
2.35793	0.0355059	0.0354427
2.35793	0.0354427	0.0353874
2.38593	0.0353874	0.0349639
2.38593	0.0349639	0.0344684
2.38593	0.0344684	0.0340349
2.38593	0.0340349	0.0336555
2.38593	0.0336555	0.0333236
2.38593	0.0333236	0.0330331
2.38593	0.0330331	0.032779
2.38593	0.032779	0.0325566
2.38593	0.0325566	0.032237
2.38593	0.032237	0.0319574
2.38993	0.0319574	0.0322127
2.38993	0.0322127	0.0324361
2.38993	0.0324361	0.0326316
2.38993	0.0326316	0.0328027
2.38993	0.0328027	0.0328273
2.38993	0.0328273	0.0328489
2.38993	0.0328489	0.0328678
2.38993	0.0328678	0.0328843
2.38993	0.0328843	0.0328988
2.38993	0.0328988	0.0329114
2.39093	0.0329114	0.0330475
2.39093	0.0330475	0.0330416
2.39093	0.0330416	0.0330364
2.39093	0.0330364	0.0330318
2.39093	0.0330318	0.0330278
2.39093	0.0330278	0.0330244
2.39093	0.0330244	0.0330213
2.39093	0.0330213	0.0330187
2.39093	0.0330187	0.0328913
2.39193	0.0328913	0.0329049
2.39193	0.0329049	0.0329168
2.39193	0.0329168	0.0329272
2.39193	0.0329272	0.0329363
2.39293	0.0329363	0.0330693
2.39293	0.0330693	0.0331856
2.39293	0.0331856	0.0331624
2.39393	0.0331624	0.0332671
2.39393	0.0332671	0.0333587
2.39393	0.0333587	0.0334389
2.39493	0.0334389	0.033634
2.39493	0.033634	0.0338048
2.39493	0.0338048	0.0339542
2.39493	0.0339542	0.0339599
2.39593	0.0339599	0.0340899
2.39593	0.0340899	0.0342037
2.39593	0.0342037	0.0343032
2.39693	0.0343032	0.0345153
2.39693	0.0345153	0.0347009
2.42193	0.0347009	0.0348633
2.42193	0.0348633	0.0348804
2.42193	0.0348804	0.0348953
2.42193	0.0348953	0.0349084
2.42193	0.0349084	0.0349199
2.42193	0.0349199	0.0349299
2.42193	0.0349299	0.0349386
2.42193	0.0349386	0.0349463
2.42193	0.0349463	0.034828
2.42193	0.034828	0.0347245
2.42293	0.0347245	0.034509
2.42293	0.034509	0.0341953
2.42293	0.0341953	0.0339209
2.42293	0.0339209	0.0336808
2.42293	0.0336808	0.0334707
2.42293	0.0334707	0.0332869
2.42293	0.0332869	0.033126
2.42293	0.033126	0.0329853
2.42293	0.0329853	0.0327371
2.42393	0.0327371	0.032645
2.42393	0.032645	0.0325643
2.42393	0.0325643	0.0324938
2.42393	0.0324938	0.0324321
2.42493	0.0324321	0.0325031
2.42493	0.0325031	0.0325652
2.42493	0.0325652	0.0324945
2.42593	0.0324945	0.0325577
2.42593	0.0325577	0.032613
2.42593	0.032613	0.0326614
2.42793	0.0326614	0.0329537
2.42793	0.0329537	0.0332095
2.42793	0.0332095	0.0334333
2.42793	0.0334333	0.0335041
2.42793	0.0335041	0.0335661
2.42793	0.0335661	0.0336204
2.42793	0.0336204	0.0336678
2.42893	0.0336678	0.0338343
2.42893	0.0338343	0.033855
2.42893	0.033855	0.0338732
2.42993	0.0338732	0.034014
2.42993	0.034014	0.0340123
2.42993	0.0340123	0.0340107
2.42993	0.0340107	0.0340094
2.43093	0.0340094	0.0341332
2.43093	0.0341332	0.0341166
2.43093	0.0341166	0.034102
2.43193	0.034102	0.0342142
2.43193	0.0342142	0.0341875
2.45793	0.0341875	0.034414
2.45793	0.034414	0.0344873
2.45793	0.0344873	0.0345514
2.45793	0.0345514	0.0346074
2.45793	0.0346074	0.0346565
2.45793	0.0346565	0.0346994
2.45793	0.0346994	0.034737
2.45793	0.034737	0.0347699
2.45793	0.0347699	0.0346737
2.45793	0.0346737	0.0345894
2.45893	0.0345894	0.0346408
2.45893	0.0346408	0.0346857
2.45893	0.0346857	0.034725
2.45893	0.034725	0.0347593
2.45893	0.0347593	0.0347894
2.45893	0.0347894	0.0346907
2.45893	0.0346907	0.0346044
2.45993	0.0346044	0.0346538
2.45993	0.0346538	0.0346971
2.45993	0.0346971	0.034735
2.46093	0.034735	0.0348931
2.46093	0.0348931	0.0350315
2.46093	0.0350315	0.0350275
2.46193	0.0350275	0.0351491
2.46193	0.0351491	0.0352555
2.46193	0.0352555	0.0353485
2.46193	0.0353485	0.03543
2.46293	0.03543	0.0355012
2.46293	0.0355012	0.0355636
2.46293	0.0355636	0.0354931
2.46393	0.0354931	0.0354315
2.46393	0.0354315	0.0353775
2.46393	0.0353775	0.0353303
2.46493	0.0353303	0.0354141
2.46493	0.0354141	0.0354873
2.46493	0.0354873	0.0355514
2.46493	0.0355514	0.0356075
2.46593	0.0356075	0.0356565
2.46593	0.0356565	0.0356995
2.46593	0.0356995	0.035737
2.46693	0.035737	0.0357699
2.46693	0.0357699	0.0357987
2.46693	0.0357987	0.0358238
2.46793	0.0358238	0.0359708
2.46793	0.0359708	0.0359745
2.46793	0.0359745	0.0359777
2.46793	0.0359777	0.0359805
2.46893	0.0359805	0.0359829
2.49393	0.0359829	0.035985
2.49393	0.035985	0.0358619
2.49393	0.0358619	0.0357542
2.49393	0.0357542	0.0356599
2.49393	0.0356599	0.0355774
2.49393	0.0355774	0.0355052
2.49393	0.0355052	0.0354421
2.49393	0.0354421	0.0352618
2.49393	0.0352618	0.0351041
2.49393	0.0351041	0.0349661
2.49393	0.0349661	0.0348453
2.49393	0.0348453	0.0347397
2.49393	0.0347397	0.0346472
2.49393	0.0346472	0.0345663
2.49393	0.0345663	0.0343705
2.49393	0.0343705	0.0341992
2.49393	0.0341992	0.0340493
2.49493	0.0340493	0.0340431
2.49493	0.0340431	0.0340377
2.49493	0.0340377	0.034033
2.49593	0.034033	0.0341539
2.49593	0.0341539	0.0341347
2.49593	0.0341347	0.0341178
2.49993	0.0341178	0.0346031
2.49993	0.0346031	0.0349027
2.49993	0.0349027	0.0351649
2.49993	0.0351649	0.0353943
2.49993	0.0353943	0.035595
2.49993	0.035595	0.0356456
2.49993	0.0356456	0.0356899
2.49993	0.0356899	0.0357287
2.49993	0.0357287	0.0356376
2.49993	0.0356376	0.0355579
2.50093	0.0355579	0.0356131
2.50093	0.0356131	0.0355365
2.50093	0.0355365	0.0354694
2.50093	0.0354694	0.0354108
2.50093	0.0354108	0.0353594
2.50093	0.0353594	0.0351895
2.50093	0.0351895	0.0350408
2.50193	0.0350408	0.0350357
2.50193	0.0350357	0.0349062
2.50193	0.0349062	0.034793
2.50293	0.034793	0.0348188
2.50293	0.0348188	0.0347165
2.50293	0.0347165	0.0346269
2.50293	0.0346269	0.0345486
2.50393	0.0345486	0.034605
2.52993	0.034605	0.0347794
2.52993	0.0347794	0.0348069
2.52993	0.0348069	0.0348311
2.52993	0.0348311	0.0348522
2.52993	0.0348522	0.0348707
2.52993	0.0348707	0.0348868
2.52993	0.0348868	0.034901
2.52993	0.034901	0.0349134
2.52993	0.0349134	0.0347992
2.52993	0.0347992	0.0346993
2.52993	0.0346993	0.0346119
2.52993	0.0346119	0.0345354
2.52993	0.0345354	0.0344685
2.53093	0.0344685	0.0345349
2.53093	0.0345349	0.034593
2.53093	0.034593	0.0345189
2.53093	0.0345189	0.034454
2.53193	0.034454	0.0345223
2.53193	0.0345223	0.034582
2.53193	0.034582	0.0346343
2.53593	0.0346343	0.03518
2.53593	0.03518	0.0355325
2.53593	0.0355325	0.0358409
2.53593	0.0358409	0.0358608
2.53593	0.0358608	0.0357532
2.53593	0.0357532	0.035659
2.53593	0.035659	0.0355767
2.53593	0.0355767	0.0355046
2.53593	0.0355046	0.0354415
2.53593	0.0354415	0.0353863
2.53593	0.0353863	0.035338
2.53593	0.035338	0.0351708
2.53593	0.0351708	0.0350244
2.53693	0.0350244	0.0350214
2.53693	0.0350214	0.0350187
2.53693	0.0350187	0.0350164
2.53693	0.0350164	0.0350143
2.53793	0.0350143	0.0350125
2.53793	0.0350125	0.035011
2.53793	0.035011	0.0350096
2.53893	0.0350096	0.0351334
2.53893	0.0351334	0.0352417
2.53893	0.0352417	0.0353365
2.53993	0.0353365	0.0355444
2.53993	0.0355444	0.0356014
2.53993	0.0356014	0.0356512
2.53993	0.0356512	0.0356948
2.54093	0.0356948	0.035858
2.56593	0.035858	0.0358757
2.56593	0.0358757	0.0357662
2.56593	0.0357662	0.0356705
2.56593	0.0356705	0.0355867
2.56593	0.0355867	0.0355133
2.56593	0.0355133	0.0354492
2.56593	0.0354492	0.035393
2.56593	0.035393	0.0353439
2.56593	0.0353439	0.0351759
2.56593	0.0351759	0.0350289
2.56593	0.0350289	0.0349003
2.56593	0.0349003	0.0347878
2.56593	0.0347878	0.0346893
2.56593	0.0346893	0.0346031
2.56593	0.0346031	0.0345277
2.56593	0.0345277	0.0343368
2.56593	0.0343368	0.0341697
2.56693	0.0341697	0.0341485
2.56693	0.0341485	0.0341299
2.56693	0.0341299	0.0341137
2.56793	0.0341137	0.0338495
2.56793	0.0338495	0.0334933
2.56793	0.0334933	0.0331816
2.57193	0.0331816	0.0334089
2.57193	0.0334089	0.0336078
2.57193	0.0336078	0.0337818
2.57193	0.0337818	0.0339341
2.57193	0.0339341	0.0340673
2.57193	0.0340673	0.0340589
2.57193	0.0340589	0.0340516
2.57193	0.0340516	0.0340451
2.57193	0.0340451	0.0340395
2.57193	0.0340395	0.0340345
2.57193	0.0340345	0.0340302
2.57193	0.0340302	0.0340264
2.57193	0.0340264	0.0338981
2.57193	0.0338981	0.0337859
2.57293	0.0337859	0.0338126
2.57293	0.0338126	0.0338361
2.57293	0.0338361	0.0338565
2.57393	0.0338565	0.0339995
2.57393	0.0339995	0.0339995
2.57393	0.0339995	0.0339996
2.57493	0.0339996	0.0341246
2.57493	0.0341246	0.0341091
2.57493	0.0341091	0.0340954
2.57493	0.0340954	0.0340835
2.57593	0.0340835	0.0341981
2.60193	0.0341981	0.0344233
2.60193	0.0344233	0.0344954
2.60193	0.0344954	0.0345585
2.60193	0.0345585	0.0346137
2.60193	0.0346137	0.034662
2.60193	0.034662	0.0347042
2.60193	0.0347042	0.0347412
2.60193	0.0347412	0.0346485
2.60193	0.0346485	0.0345675
2.60193	0.0345675	0.0344965
2.60193	0.0344965	0.0344345
2.60193	0.0344345	0.0343802
2.60193	0.0343802	0.0343326
2.60293	0.0343326	0.0344161
2.60293	0.0344161	0.034364
2.60293	0.034364	0.0343185
2.60293	0.0343185	0.0342787
2.60393	0.0342787	0.0343689
2.60393	0.0343689	0.0344478
2.60393	0.0344478	0.0345168
2.60793	0.0345168	0.0350772
2.60793	0.0350772	0.0354426
2.60793	0.0354426	0.0357622
2.60793	0.0357622	0.035792
2.60793	0.035792	0.035693
2.60793	0.035693	0.0356063
2.60793	0.0356063	0.0355305
2.60793	0.0355305	0.0354642
2.60793	0.0354642	0.0354062
2.60793	0.0354062	0.0353554
2.60793	0.0353554	0.035311
2.60793	0.035311	0.0351471
2.60793	0.0351471	0.0350037
2.60893	0.0350037	0.0350033
2.60893	0.0350033	0.0350029
2.60893	0.0350029	0.0350025
2.60893	0.0350025	0.0350022
2.60993	0.0350022	0.0351269
2.60993	0.0351269	0.035111
2.60993	0.035111	0.0350972
2.61093	0.0350972	0.03521
2.61093	0.03521	0.0353088
2.61093	0.0353088	0.0353952
2.61193	0.0353952	0.0355958
2.61193	0.0355958	0.0356463
2.61193	0.0356463	0.0356905
2.61193	0.0356905	0.0357292
2.61293	0.0357292	0.035888
2.63793	0.035888	0.035902
2.63793	0.035902	0.0357893
2.63793	0.0357893	0.0356906
2.63793	0.0356906	0.0356043
2.63793	0.0356043	0.0355288
2.63793	0.0355288	0.0354627
2.63793	0.0354627	0.0354048
2.63793	0.0354048	0.0353542
2.63793	0.0353542	0.0351849
2.63793	0.0351849	0.0350368
2.63793	0.0350368	0.0349072
2.63793	0.0349072	0.0347938
2.63793	0.0347938	0.0346946
2.63793	0.0346946	0.0346078
2.63793	0.0346078	0.0345318
2.63793	0.0345318	0.0343403
2.63793	0.0343403	0.0341728
2.63893	0.0341728	0.0341512
2.63893	0.0341512	0.0341323
2.63893	0.0341323	0.0341157
2.63993	0.0341157	0.0338513
2.63993	0.0338513	0.0334949
2.63993	0.0334949	0.033183
2.64393	0.033183	0.0334101
2.64393	0.0334101	0.0336089
2.64393	0.0336089	0.0337828
2.64393	0.0337828	0.0339349
2.64393	0.0339349	0.034068
2.64393	0.034068	0.0340595
2.64393	0.0340595	0.0340521
2.64393	0.0340521	0.0340456
2.64393	0.0340456	0.0340399
2.64393	0.0340399	0.0340349
2.64393	0.0340349	0.0340305
2.64393	0.0340305	0.0339017
2.64393	0.0339017	0.033789
2.64393	0.033789	0.0336904
2.64493	0.0336904	0.0337291
2.64493	0.0337291	0.0337629
2.64493	0.0337629	0.0337926
2.64593	0.0337926	0.0339435
2.64593	0.0339435	0.0339506
2.64593	0.0339506	0.0339567
2.64693	0.0339567	0.0340872
2.64693	0.0340872	0.0340763
2.64693	0.0340763	0.0340667
2.64693	0.0340667	0.0340584
2.64793	0.0340584	0.0341761
2.67393	0.0341761	0.0344041
2.67393	0.0344041	0.0344786
2.67393	0.0344786	0.0345437
2.67393	0.0345437	0.0346008
2.67393	0.0346008	0.0346507
2.67393	0.0346507	0.0346943
2.67393	0.0346943	0.0347326
2.67393	0.0347326	0.034766
2.67393	0.034766	0.0346702
2.67393	0.0346702	0.0345865
2.67493	0.0345865	0.0346381
2.67493	0.0346381	0.0346834
2.67493	0.0346834	0.034723
2.67493	0.034723	0.0347576
2.67493	0.0347576	0.0347879
2.67493	0.0347879	0.0346894
2.67493	0.0346894	0.0346032
2.67593	0.0346032	0.0346528
2.67593	0.0346528	0.0346962
2.67593	0.0346962	0.0347342
2.67693	0.0347342	0.0348924
2.67693	0.0348924	0.0350309
2.67693	0.0350309	0.035027
2.67793	0.035027	0.0348986
2.67793	0.0348986	0.0346613
2.67793	0.0346613	0.0344536
2.67793	0.0344536	0.0342719
2.67893	0.0342719	0.0342379
2.67893	0.0342379	0.0342082
2.67893	0.0342082	0.0341822
2.67993	0.0341822	0.0342844
2.67993	0.0342844	0.0342488
2.67993	0.0342488	0.0342177
2.68093	0.0342177	0.0343155
2.68093	0.0343155	0.0344011
2.68093	0.0344011	0.0344759
2.68093	0.0344759	0.0345415
2.68193	0.0345415	0.0347238
2.68193	0.0347238	0.0347583
2.68193	0.0347583	0.0347885
2.68293	0.0347885	0.0349399
2.68293	0.0349399	0.0350725
2.68293	0.0350725	0.0351884
2.68393	0.0351884	0.0354148
2.68393	0.0354148	0.035488
2.68393	0.035488	0.035552
2.68393	0.035552	0.035608
2.68493	0.035608	0.035782
2.70993	0.035782	0.0358092
2.70993	0.0358092	0.0357081
2.70993	0.0357081	0.0356196
2.70993	0.0356196	0.0355421
2.70993	0.0355421	0.0354744
2.70993	0.0354744	0.0354151
2.70993	0.0354151	0.0353632
2.70993	0.0353632	0.0351928
2.70993	0.0351928	0.0350437
2.70993	0.0350437	0.0349132
2.71093	0.0349132	0.0349241
2.71093	0.0349241	0.0349336
2.71093	0.0349336	0.0349419
2.71093	0.0349419	0.0349491
2.71093	0.0349491	0.0348305
2.71093	0.0348305	0.0347267
2.71093	0.0347267	0.0346358
2.71093	0.0346358	0.0345564
2.71093	0.0345564	0.0344868
2.71093	0.0344868	0.034426
2.71193	0.034426	0.0344977
2.71193	0.0344977	0.0344355
2.71193	0.0344355	0.0343811
2.71293	0.0343811	0.0344584
2.71293	0.0344584	0.0344011
2.71293	0.0344011	0.034351
2.71293	0.034351	0.0343071
2.71593	0.0343071	0.0346437
2.71593	0.0346437	0.0348133
2.71593	0.0348133	0.0349616
2.71593	0.0349616	0.0350914
2.71593	0.0350914	0.03508
2.71593	0.03508	0.03507
2.71593	0.03507	0.0350612
2.71593	0.0350612	0.0349286
2.71593	0.0349286	0.0348125
2.71593	0.0348125	0.0347109
2.71693	0.0347109	0.0347471
2.71693	0.0347471	0.0346537
2.71693	0.0346537	0.034572
2.71793	0.034572	0.0346255
2.71793	0.0346255	0.0345473
2.71793	0.0345473	0.0344789
2.71893	0.0344789	0.034544
2.71893	0.034544	0.034476
2.71893	0.034476	0.0344165
2.71893	0.0344165	0.0343644
2.71993	0.0343644	0.0344439
2.74593	0.0344439	0.0346384
2.74593	0.0346384	0.0346836
2.74593	0.0346836	0.0347232
2.74593	0.0347232	0.0347578
2.74593	0.0347578	0.034788
2.74593	0.034788	0.0348145
2.74593	0.0348145	0.0348377
2.74593	0.0348377	0.034858
2.74593	0.034858	0.0347508
2.74593	0.0347508	0.0346569
2.74693	0.0346569	0.0346998
2.74693	0.0346998	0.0347373
2.74693	0.0347373	0.0347702
2.74693	0.0347702	0.0347989
2.74693	0.0347989	0.034824
2.74693	0.034824	0.034721
2.74693	0.034721	0.0346309
2.74793	0.0346309	0.034677
2.74793	0.034677	0.0347174
2.74793	0.0347174	0.0347527
2.74893	0.0347527	0.0349086
2.74893	0.0349086	0.0349201
2.74893	0.0349201	0.03493
2.74993	0.03493	0.0350638
2.74993	0.0350638	0.0351808
2.74993	0.0351808	0.0352832
2.74993	0.0352832	0.0353728
2.75093	0.0353728	0.0353262
2.75093	0.0353262	0.0351604
2.75093	0.0351604	0.0350154
2.75193	0.0350154	0.0350135
2.75193	0.0350135	0.0350118
2.75193	0.0350118	0.0350103
2.75293	0.0350103	0.035134
2.75293	0.035134	0.0351173
2.75293	0.0351173	0.0351026
2.75293	0.0351026	0.0350898
2.75393	0.0350898	0.0352036
2.75393	0.0352036	0.0353031
2.75393	0.0353031	0.0353902
2.75493	0.0353902	0.0355914
2.75493	0.0355914	0.0356425
2.75493	0.0356425	0.0356872
2.75593	0.0356872	0.0358513
2.75593	0.0358513	0.0358699
2.75593	0.0358699	0.0358861
2.75593	0.0358861	0.0359004
2.75693	0.0359004	0.0360378
2.78193	0.0360378	0.0360331
2.78193	0.0360331	0.035904
2.78193	0.035904	0.035791
2.78193	0.035791	0.0356921
2.78193	0.0356921	0.0356056
2.78193	0.0356056	0.0355299
2.78193	0.0355299	0.0354636
2.78193	0.0354636	0.0354057
2.78193	0.0354057	0.03523
2.78193	0.03523	0.0350762
2.78293	0.0350762	0.0350667
2.78293	0.0350667	0.0350584
2.78293	0.0350584	0.0350511
2.78293	0.0350511	0.0350447
2.78293	0.0350447	0.0350391
2.78293	0.0350391	0.0349092
2.78293	0.0349092	0.0347956
2.78293	0.0347956	0.0346961
2.78293	0.0346961	0.0346091
2.78293	0.0346091	0.034533
2.78393	0.034533	0.0345913
2.78393	0.0345913	0.0345174
2.78393	0.0345174	0.0344527
2.78493	0.0344527	0.0345212
2.78493	0.0345212	0.034456
2.78493	0.034456	0.034399
2.78493	0.034399	0.0343491
2.78793	0.0343491	0.0346805
2.78793	0.0346805	0.0348454
2.78793	0.0348454	0.0349897
2.78793	0.0349897	0.035116
2.78793	0.035116	0.0351015
2.78793	0.0351015	0.0350888
2.78793	0.0350888	0.0350777
2.78793	0.0350777	0.034943
2.78793	0.034943	0.0348251
2.78793	0.0348251	0.034722
2.78893	0.034722	0.0347567
2.78893	0.0347567	0.0346622
2.78893	0.0346622	0.0345794
2.78993	0.0345794	0.034632
2.78993	0.034632	0.034553
2.78993	0.034553	0.0344838
2.79093	0.0344838	0.0345484
2.79093	0.0345484	0.0344798
2.79093	0.0344798	0.0344198
2.79093	0.0344198	0.0343674
2.79193	0.0343674	0.0344464
2.81793	0.0344464	0.0346406
2.81793	0.0346406	0.0346856
2.81793	0.0346856	0.0347249
2.81793	0.0347249	0.0347592
2.81793	0.0347592	0.0347893
2.81793	0.0347893	0.0348157
2.81793	0.0348157	0.0348387
2.81793	0.0348387	0.0347339
2.81793	0.0347339	0.0346421
2.81793	0.0346421	0.0345619
2.81893	0.0345619	0.0346166
2.81893	0.0346166	0.0346646
2.81893	0.0346646	0.0347065
2.81893	0.0347065	0.0347432
2.81893	0.0347432	0.0346503
2.81893	0.0346503	0.034569
2.81893	0.034569	0.0344979
2.81993	0.0344979	0.0345606
2.81993	0.0345606	0.0346156
2.81993	0.0346156	0.0346636
2.82093	0.0346636	0.0348307
2.82093	0.0348307	0.0348518
2.82093	0.0348518	0.0348703
2.82193	0.0348703	0.0350116
2.82193	0.0350116	0.0351351
2.82193	0.0351351	0.0352432
2.82193	0.0352432	0.0353378
2.82293	0.0353378	0.0352956
2.82293	0.0352956	0.0351336
2.82293	0.0351336	0.0349919
2.82393	0.0349919	0.0349929
2.82393	0.0349929	0.0349938
2.82393	0.0349938	0.0349946
2.82493	0.0349946	0.0351203
2.82493	0.0351203	0.0352302
2.82493	0.0352302	0.0352015
2.82493	0.0352015	0.0351763
2.82593	0.0351763	0.0352792
2.82593	0.0352792	0.0353693
2.82593	0.0353693	0.0354482
2.82693	0.0354482	0.0356421
2.82693	0.0356421	0.0356869
2.82693	0.0356869	0.035726
2.82793	0.035726	0.0358853
2.82793	0.0358853	0.0358996
2.82793	0.0358996	0.0359122
2.82793	0.0359122	0.0359231
2.82893	0.0359231	0.0359327
2.85393	0.0359327	0.0359411
2.85393	0.0359411	0.0358235
2.85393	0.0358235	0.0357206
2.85393	0.0357206	0.0356305
2.85393	0.0356305	0.0355517
2.85393	0.0355517	0.0354827
2.85393	0.0354827	0.0354224
2.85393	0.0354224	0.0353696
2.85393	0.0353696	0.0351984
2.85393	0.0351984	0.0350486
2.85393	0.0350486	0.0349175
2.85393	0.0349175	0.0348028
2.85393	0.0348028	0.0347025
2.85393	0.0347025	0.0346147
2.85393	0.0346147	0.0345378
2.85393	0.0345378	0.0343456
2.85393	0.0343456	0.0341774
2.85493	0.0341774	0.0341552
2.85493	0.0341552	0.0341358
2.85493	0.0341358	0.0341188
2.85593	0.0341188	0.034229
2.85593	0.034229	0.0342004
2.85593	0.0342004	0.0341753
2.85993	0.0341753	0.0346534
2.85993	0.0346534	0.0349467
2.85993	0.0349467	0.0352034
2.85993	0.0352034	0.035428
2.85993	0.035428	0.0356245
2.85993	0.0356245	0.0356714
2.85993	0.0356714	0.0357125
2.85993	0.0357125	0.0357484
2.85993	0.0357484	0.0356549
2.85993	0.0356549	0.035573
2.86093	0.035573	0.0356264
2.86093	0.0356264	0.0355481
2.86093	0.0355481	0.0354796
2.86093	0.0354796	0.0354196
2.86093	0.0354196	0.0353672
2.86093	0.0353672	0.0351963
2.86093	0.0351963	0.0350467
2.86193	0.0350467	0.0350409
2.86193	0.0350409	0.0349108
2.86193	0.0349108	0.0347969
2.86293	0.0347969	0.0348223
2.86293	0.0348223	0.0347195
2.86293	0.0347195	0.0346296
2.86293	0.0346296	0.0345509
2.86393	0.0345509	0.034607
2.88993	0.034607	0.0347811
2.88993	0.0347811	0.0348085
2.88993	0.0348085	0.0348324
2.88993	0.0348324	0.0348534
2.88993	0.0348534	0.0348717
2.88993	0.0348717	0.0348877
2.88993	0.0348877	0.0349018
2.88993	0.0349018	0.0349141
2.88993	0.0349141	0.0347998
2.88993	0.0347998	0.0346998
2.88993	0.0346998	0.0346123
2.88993	0.0346123	0.0345358
2.88993	0.0345358	0.0344688
2.89093	0.0344688	0.0345352
2.89093	0.0345352	0.0345933
2.89093	0.0345933	0.0345192
2.89093	0.0345192	0.0344543
2.89193	0.0344543	0.0345225
2.89193	0.0345225	0.0345822
2.89193	0.0345822	0.0346344
2.89593	0.0346344	0.0351801
2.89593	0.0351801	0.0356576
2.89593	0.0356576	0.0359504
2.89593	0.0359504	0.0359566
2.89593	0.0359566	0.035837
2.89593	0.035837	0.0357324
2.89593	0.0357324	0.0356408
2.89593	0.0356408	0.0355607
2.89593	0.0355607	0.0354906
2.89593	0.0354906	0.0354293
2.89593	0.0354293	0.0353756
2.89593	0.0353756	0.0352037
2.89593	0.0352037	0.0350532
2.89693	0.0350532	0.0350466
2.89693	0.0350466	0.0350408
2.89693	0.0350408	0.0350357
2.89693	0.0350357	0.0350312
2.89793	0.0350312	0.0351523
2.89793	0.0351523	0.0351333
2.89793	0.0351333	0.0351166
2.89893	0.0351166	0.035227
2.89893	0.035227	0.0353236
2.89893	0.0353236	0.0354082
2.89993	0.0354082	0.0356072
2.89993	0.0356072	0.0356563
2.89993	0.0356563	0.0356992
2.89993	0.0356992	0.0357368
2.90093	0.0357368	0.0358947
2.92593	0.0358947	0.0359079
2.92593	0.0359079	0.0357944
2.92593	0.0357944	0.0356951
2.92593	0.0356951	0.0356082
2.92593	0.0356082	0.0355322
2.92593	0.0355322	0.0354657
2.92593	0.0354657	0.0354075
2.92593	0.0354075	0.0352315
2.92593	0.0352315	0.0350776
2.92593	0.0350776	0.0349429
2.92593	0.0349429	0.034825
2.92593	0.034825	0.0347219
2.92593	0.0347219	0.0346317
2.92593	0.0346317	0.0345527
2.92593	0.0345527	0.0343586
2.92593	0.0343586	0.0341888
2.92593	0.0341888	0.0340402
2.92693	0.0340402	0.0340352
2.92693	0.0340352	0.0340308
2.92693	0.0340308	0.0340269
2.92793	0.0340269	0.0337736
2.92793	0.0337736	0.0334269
2.92793	0.0334269	0.0331235
2.93193	0.0331235	0.0333581
2.93193	0.0333581	0.0335633
2.93193	0.0335633	0.0337429
2.93193	0.0337429	0.0339
2.93193	0.0339	0.0340375
2.93193	0.0340375	0.0340328
2.93193	0.0340328	0.0340287
2.93193	0.0340287	0.0340251
2.93193	0.0340251	0.034022
2.93193	0.034022	0.0340192
2.93193	0.0340192	0.0340168
2.93193	0.0340168	0.0340147
2.93193	0.0340147	0.0338879
2.93193	0.0338879	0.0337769
2.93293	0.0337769	0.0338048
2.93293	0.0338048	0.0338292
2.93293	0.0338292	0.0338505
2.93393	0.0338505	0.0339942
2.93393	0.0339942	0.0339949
2.93393	0.0339949	0.0339956
2.93493	0.0339956	0.0341211
2.93493	0.0341211	0.034106
2.93493	0.034106	0.0340927
2.93493	0.0340927	0.0340811
2.93593	0.0340811	0.034196
2.96193	0.034196	0.0344215
2.96193	0.0344215	0.0344938
2.96193	0.0344938	0.0345571
2.96193	0.0345571	0.0346124
2.96193	0.0346124	0.0346609
2.96193	0.0346609	0.0347033
2.96193	0.0347033	0.0347404
2.96193	0.0347404	0.0347728
2.96193	0.0347728	0.0346762
2.96193	0.0346762	0.0345917
2.96193	0.0345917	0.0345177
2.96193	0.0345177	0.034453
2.96193	0.034453	0.0343964
2.96293	0.0343964	0.0344718
2.96293	0.0344718	0.0345379
2.96293	0.0345379	0.0344706
2.96293	0.0344706	0.0344118
2.96393	0.0344118	0.0344853
2.96393	0.0344853	0.0345497
2.96393	0.0345497	0.0346059
2.96793	0.0346059	0.0351552
2.96793	0.0351552	0.0355108
2.96793	0.0355108	0.035822
2.96793	0.035822	0.0358442
2.96793	0.0358442	0.0357387
2.96793	0.0357387	0.0356463
2.96793	0.0356463	0.0355656
2.96793	0.0355656	0.0354949
2.96793	0.0354949	0.035433
2.96793	0.035433	0.0353789
2.96793	0.0353789	0.0352065
2.96793	0.0352065	0.0350557
2.96793	0.0350557	0.0349237
2.96893	0.0349237	0.0349333
2.96893	0.0349333	0.0349416
2.96893	0.0349416	0.0349489
2.96893	0.0349489	0.0349553
2.96993	0.0349553	0.0349609
2.96993	0.0349609	0.0349658
2.96993	0.0349658	0.03497
2.97093	0.03497	0.0350988
2.97093	0.0350988	0.0352114
2.97093	0.0352114	0.03531
2.97193	0.03531	0.0355213
2.97193	0.0355213	0.0355811
2.97193	0.0355811	0.0356335
2.97193	0.0356335	0.0356793
2.97293	0.0356793	0.0358444
2.99793	0.0358444	0.0358638
2.99793	0.0358638	0.0357558
2.99793	0.0357558	0.0356614
2.99793	0.0356614	0.0355787
2.99793	0.0355787	0.0355064
2.99793	0.0355064	0.0354431
2.99793	0.0354431	0.0353877
2.99793	0.0353877	0.0353392
2.99793	0.0353392	0.0351718
2.99793	0.0351718	0.0350253
2.99793	0.0350253	0.0348972
2.99793	0.0348972	0.034785
2.99793	0.034785	0.0346869
2.99793	0.0346869	0.034601
2.99793	0.034601	0.0345259
2.99793	0.0345259	0.0343352
2.99793	0.0343352	0.0341683
2.99893	0.0341683	0.0341472
2.99893	0.0341472	0.0341288
2.99893	0.0341288	0.0341127
2.99993	0.0341127	0.0338486
2.99993	0.0338486	0.0334926
2.99993	0.0334926	0.033181
3.00393	0.033181	0.0334084
3.00393	0.0334084	0.0336073
3.00393	0.0336073	0.0337814
3.00393	0.0337814	0.0339337
3.00393	0.0339337	0.034067
3.00393	0.034067	0.0340586
3.00393	0.0340586	0.0340513
3.00393	0.0340513	0.0340449
3.00393	0.0340449	0.0340393
3.00393	0.0340393	0.0340344
3.00393	0.0340344	0.0340301
3.00393	0.0340301	0.0340263
3.00393	0.0340263	0.033898
3.00393	0.033898	0.0337858
3.00493	0.0337858	0.0338125
3.00493	0.0338125	0.033836
3.00493	0.033836	0.0338565
3.00593	0.0338565	0.0339994
3.00593	0.0339994	0.0339995
3.00593	0.0339995	0.0339996
3.00693	0.0339996	0.0341246
3.00693	0.0341246	0.034109
3.00693	0.034109	0.0340954
3.00693	0.0340954	0.0340835
3.00793	0.0340835	0.034198
3.03393	0.034198	0.0344233
3.03393	0.0344233	0.0344954
3.03393	0.0344954	0.0345585
3.03393	0.0345585	0.0346136
3.03393	0.0346136	0.0346619
3.03393	0.0346619	0.0347042
3.03393	0.0347042	0.0347412
3.03393	0.0347412	0.0346485
3.03393	0.0346485	0.0345675
3.03393	0.0345675	0.0344965
3.03493	0.0344965	0.0345595
3.03493	0.0345595	0.0346145
3.03493	0.0346145	0.0346627
3.03493	0.0346627	0.0347049
3.03493	0.0347049	0.0346168
3.03493	0.0346168	0.0345397
3.03493	0.0345397	0.0344722
3.03593	0.0344722	0.0345382
3.03593	0.0345382	0.0345959
3.03593	0.0345959	0.0346464
3.03693	0.0346464	0.0348156
3.03693	0.0348156	0.0348387
3.03693	0.0348387	0.0348588
3.03793	0.0348588	0.0347515
3.03793	0.0347515	0.0345325
3.03793	0.0345325	0.034341
3.03793	0.034341	0.0341734
3.03893	0.0341734	0.0341517
3.03893	0.0341517	0.0341327
3.03893	0.0341327	0.0341161
3.03993	0.0341161	0.0342266
3.03993	0.0342266	0.0341983
3.03993	0.0341983	0.0341735
3.04093	0.0341735	0.0342768
3.04093	0.0342768	0.0343672
3.04093	0.0343672	0.0344463
3.04093	0.0344463	0.0345155
3.04193	0.0345155	0.0347011
3.04193	0.0347011	0.0347384
3.04193	0.0347384	0.0347711
3.04293	0.0347711	0.0349247
3.04293	0.0349247	0.0350592
3.04293	0.0350592	0.0351768
3.04393	0.0351768	0.0354047
3.04393	0.0354047	0.0354791
3.04393	0.0354791	0.0355442
3.04393	0.0355442	0.0356012
3.04493	0.0356012	0.035776
3.06993	0.035776	0.035804
3.06993	0.035804	0.0357035
3.06993	0.0357035	0.0356156
3.06993	0.0356156	0.0355386
3.06993	0.0355386	0.0354713
3.06993	0.0354713	0.0354124
3.06993	0.0354124	0.0353608
3.06993	0.0353608	0.0353157
3.06993	0.0353157	0.0351513
3.06993	0.0351513	0.0350074
3.07093	0.0350074	0.0350064
3.07093	0.0350064	0.0350056
3.07093	0.0350056	0.0350049
3.07093	0.0350049	0.0350043
3.07093	0.0350043	0.0348788
3.07093	0.0348788	0.0347689
3.07093	0.0347689	0.0346728
3.07093	0.0346728	0.0345887
3.07093	0.0345887	0.0345151
3.07093	0.0345151	0.0344507
3.07193	0.0344507	0.0345194
3.07193	0.0345194	0.0344545
3.07193	0.0344545	0.0343977
3.07293	0.0343977	0.0344729
3.07293	0.0344729	0.0344138
3.07293	0.0344138	0.0343621
3.07293	0.0343621	0.0343168
3.07593	0.0343168	0.0346522
3.07593	0.0346522	0.0348207
3.07593	0.0348207	0.0349681
3.07593	0.0349681	0.0350971
3.07593	0.0350971	0.035085
3.07593	0.035085	0.0350743
3.07593	0.0350743	0.035065
3.07593	0.035065	0.0349319
3.07593	0.0349319	0.0348154
3.07593	0.0348154	0.0347135
3.07693	0.0347135	0.0347493
3.07693	0.0347493	0.0346556
3.07693	0.0346556	0.0345737
3.07793	0.0345737	0.034627
3.07793	0.034627	0.0345486
3.07793	0.0345486	0.03448
3.07893	0.03448	0.034545
3.07893	0.034545	0.0344769
3.07893	0.0344769	0.0344173
3.07893	0.0344173	0.0343651
3.07993	0.0343651	0.0344445
3.10593	0.0344445	0.0346389
3.10593	0.0346389	0.0346841
3.10593	0.0346841	0.0347235
3.10593	0.0347235	0.0347581
3.10593	0.0347581	0.0347883
3.10593	0.0347883	0.0348148
3.10593	0.0348148	0.0348379
3.10593	0.0348379	0.0348582
3.10593	0.0348582	0.0347509
3.10593	0.0347509	0.0346571
3.10693	0.0346571	0.0346999
3.10693	0.0346999	0.0347374
3.10693	0.0347374	0.0347703
3.10693	0.0347703	0.034799
3.10693	0.034799	0.0348241
3.10693	0.0348241	0.0347211
3.10693	0.0347211	0.034631
3.10793	0.034631	0.0346771
3.10793	0.0346771	0.0347174
3.10793	0.0347174	0.0347528
3.10893	0.0347528	0.0349087
3.10893	0.0349087	0.0350451
3.10893	0.0350451	0.0350394
3.10993	0.0350394	0.0351595
3.10993	0.0351595	0.0352646
3.10993	0.0352646	0.0353565
3.10993	0.0353565	0.0354369
3.11093	0.0354369	0.0353823
3.11093	0.0353823	0.0352095
3.11093	0.0352095	0.0350583
3.11193	0.0350583	0.035051
3.11193	0.035051	0.0350447
3.11193	0.0350447	0.0350391
3.11293	0.0350391	0.0351592
3.11293	0.0351592	0.0352643
3.11293	0.0352643	0.0352313
3.11293	0.0352313	0.0352024
3.11393	0.0352024	0.0353021
3.11393	0.0353021	0.0353893
3.11393	0.0353893	0.0354656
3.11493	0.0354656	0.0356574
3.11493	0.0356574	0.0357003
3.11493	0.0357003	0.0357377
3.11593	0.0357377	0.0358955
3.11593	0.0358955	0.0359086
3.11593	0.0359086	0.03592
3.11593	0.03592	0.03593
3.11693	0.03593	0.0360637
3.14193	0.0360637	0.0360558
3.14193	0.0360558	0.0359238
3.14193	0.0359238	0.0358083
3.14193	0.0358083	0.0357073
3.14193	0.0357073	0.0356189
3.14193	0.0356189	0.0355415
3.14193	0.0355415	0.0354738
3.14193	0.0354738	0.0352896
3.14193	0.0352896	0.0351284
3.14193	0.0351284	0.0349873
3.14293	0.0349873	0.0349889
3.14293	0.0349889	0.0349903
3.14293	0.0349903	0.0349915
3.14293	0.0349915	0.0349926
3.14293	0.0349926	0.0348685
3.14293	0.0348685	0.0347599
3.14293	0.0347599	0.034665
3.14293	0.034665	0.0345818
3.14293	0.0345818	0.0345091
3.14293	0.0345091	0.0344455
3.14393	0.0344455	0.0345148
3.14393	0.0345148	0.0344504
3.14393	0.0344504	0.0343941
3.14493	0.0343941	0.0344699
3.14493	0.0344699	0.0344111
3.14493	0.0344111	0.0343597
3.14493	0.0343597	0.0343148
3.14793	0.0343148	0.0345254
3.14793	0.0345254	0.0347097
3.14793	0.0347097	0.034871
3.14793	0.034871	0.0350121
3.14793	0.0350121	0.0350106
3.14793	0.0350106	0.0350093
3.14793	0.0350093	0.0350081
3.14793	0.0350081	0.0348821
3.14793	0.0348821	0.0347719
3.14793	0.0347719	0.0346754
3.14893	0.0346754	0.034716
3.14893	0.034716	0.0346265
3.14893	0.0346265	0.0345481
3.14993	0.0345481	0.0346046
3.14993	0.0346046	0.0345291
3.14993	0.0345291	0.0344629
3.15093	0.0344629	0.0345301
3.15093	0.0345301	0.0344638
3.15093	0.0344638	0.0344058
3.15093	0.0344058	0.0343551
3.15193	0.0343551	0.0344357
3.17793	0.0344357	0.0346312
3.17793	0.0346312	0.0346773
3.17793	0.0346773	0.0347177
3.17793	0.0347177	0.034753
3.17793	0.034753	0.0347838
3.17793	0.0347838	0.0348109
3.17793	0.0348109	0.0348345
3.17793	0.0348345	0.0348552
3.17793	0.0348552	0.0347483
3.17793	0.0347483	0.0346548
3.17893	0.0346548	0.0346979
3.17893	0.0346979	0.0347357
3.17893	0.0347357	0.0347687
3.17893	0.0347687	0.0347976
3.17893	0.0347976	0.0346979
3.17893	0.0346979	0.0346107
3.17893	0.0346107	0.0345343
3.17993	0.0345343	0.0345925
3.17993	0.0345925	0.0346435
3.17993	0.0346435	0.034688
3.18093	0.034688	0.034852
3.18093	0.034852	0.0348705
3.18093	0.0348705	0.0348867
3.18193	0.0348867	0.0350259
3.18193	0.0350259	0.0351476
3.18193	0.0351476	0.0352542
3.18193	0.0352542	0.0353474
3.18293	0.0353474	0.035304
3.18293	0.035304	0.035141
3.18293	0.035141	0.0349984
3.18393	0.0349984	0.0349986
3.18393	0.0349986	0.0349987
3.18393	0.0349987	0.0349989
3.18493	0.0349989	0.035124
3.18493	0.035124	0.0351085
3.18493	0.0351085	0.035095
3.18493	0.035095	0.0350831
3.18593	0.0350831	0.0351977
3.18593	0.0351977	0.035298
3.18593	0.035298	0.0353857
3.18693	0.0353857	0.0355875
3.18693	0.0355875	0.0356391
3.18693	0.0356391	0.0356842
3.18793	0.0356842	0.0358487
3.18793	0.0358487	0.0358676
3.18793	0.0358676	0.0358841
3.18793	0.0358841	0.0358986
3.18893	0.0358986	0.0360363
3.21393	0.0360363	0.0360318
3.21393	0.0360318	0.0359028
3.21393	0.0359028	0.0357899
3.21393	0.0357899	0.0356912
3.21393	0.0356912	0.0356048
3.21393	0.0356048	0.0355292
3.21393	0.0355292	0.035463
3.21393	0.035463	0.0354052
3.21393	0.0354052	0.0352295
3.21393	0.0352295	0.0350758
3.21393	0.0350758	0.0349413
3.21393	0.0349413	0.0348237
3.21393	0.0348237	0.0347207
3.21393	0.0347207	0.0346306
3.21393	0.0346306	0.0345518
3.21393	0.0345518	0.0343578
3.21393	0.0343578	0.0341881
3.21493	0.0341881	0.0341646
3.21493	0.0341646	0.034144
3.21493	0.034144	0.034126
3.21593	0.034126	0.0342353
3.21593	0.0342353	0.0342058
3.21593	0.0342058	0.0341801
3.21993	0.0341801	0.0346576
3.21993	0.0346576	0.0349504
3.21993	0.0349504	0.0352066
3.21993	0.0352066	0.0354308
3.21993	0.0354308	0.0356269
3.21993	0.0356269	0.0356736
3.21993	0.0356736	0.0357144
3.21993	0.0357144	0.0357501
3.21993	0.0357501	0.0356563
3.21993	0.0356563	0.0355743
3.22093	0.0355743	0.0356275
3.22093	0.0356275	0.0355491
3.22093	0.0355491	0.0354804
3.22093	0.0354804	0.0354204
3.22093	0.0354204	0.0353678
3.22093	0.0353678	0.0351968
3.22093	0.0351968	0.0350472
3.22193	0.0350472	0.0350413
3.22193	0.0350413	0.0349112
3.22193	0.0349112	0.0347973
3.22293	0.0347973	0.0348226
3.22293	0.0348226	0.0347198
3.22293	0.0347198	0.0346298
3.22293	0.0346298	0.0345511
3.22393	0.0345511	0.0346072
3.24993	0.0346072	0.0347813
3.24993	0.0347813	0.0348086
3.24993	0.0348086	0.0348326
3.24993	0.0348326	0.0348535
3.24993	0.0348535	0.0348718
3.24993	0.0348718	0.0348878
3.24993	0.0348878	0.0349018
3.24993	0.0349018	0.0347891
3.24993	0.0347891	0.0346905
3.24993	0.0346905	0.0346042
3.24993	0.0346042	0.0345286
3.24993	0.0345286	0.0344626
3.24993	0.0344626	0.0344047
3.25093	0.0344047	0.0344791
3.25093	0.0344791	0.0344193
3.25093	0.0344193	0.0343668
3.25093	0.0343668	0.034321
3.25193	0.034321	0.0344059
3.25193	0.0344059	0.0344801
3.25193	0.0344801	0.0345451
3.25593	0.0345451	0.035102
3.25593	0.035102	0.0354642
3.25593	0.0354642	0.0357812
3.25593	0.0357812	0.0358086
3.25593	0.0358086	0.0357075
3.25593	0.0357075	0.035619
3.25593	0.035619	0.0355417
3.25593	0.0355417	0.035474
3.25593	0.035474	0.0354147
3.25593	0.0354147	0.0353629
3.25593	0.0353629	0.0353175
3.25593	0.0353175	0.0351528
3.25593	0.0351528	0.0350087
3.25693	0.0350087	0.0350076
3.25693	0.0350076	0.0350067
3.25693	0.0350067	0.0350058
3.25693	0.0350058	0.0350051
3.25793	0.0350051	0.0351295
3.25793	0.0351295	0.0351133
3.25793	0.0351133	0.0350991
3.25893	0.0350991	0.0352117
3.25893	0.0352117	0.0353103
3.25893	0.0353103	0.0353965
3.25993	0.0353965	0.0355969
3.25993	0.0355969	0.0356473
3.25993	0.0356473	0.0356914
3.25993	0.0356914	0.03573
3.26093	0.03573	0.0358887
3.28593	0.0358887	0.0359026
3.28593	0.0359026	0.0357898
3.28593	0.0357898	0.0356911
3.28593	0.0356911	0.0356047
3.28593	0.0356047	0.0355291
3.28593	0.0355291	0.035463
3.28593	0.035463	0.0354051
3.28593	0.0354051	0.0353545
3.28593	0.0353545	0.0351851
3.28593	0.0351851	0.035037
3.28593	0.035037	0.0349074
3.28593	0.0349074	0.034794
3.28593	0.034794	0.0346947
3.28593	0.0346947	0.0346079
3.28593	0.0346079	0.0344069
3.28593	0.0344069	0.034231
3.28593	0.034231	0.0340771
3.28693	0.0340771	0.0340675
3.28693	0.0340675	0.0340591
3.28693	0.0340591	0.0340517
3.28793	0.0340517	0.0337952
3.28793	0.0337952	0.0334458
3.28793	0.0334458	0.0331401
3.29193	0.0331401	0.0333726
3.29193	0.0333726	0.033576
3.29193	0.033576	0.033754
3.29193	0.033754	0.0339098
3.29193	0.0339098	0.033921
3.29193	0.033921	0.0339309
3.29193	0.0339309	0.0339395
3.29193	0.0339395	0.0339471
3.29193	0.0339471	0.0339537
3.29193	0.0339537	0.0339595
3.29193	0.0339595	0.0339646
3.29193	0.0339646	0.033844
3.29193	0.033844	0.0337385
3.29193	0.0337385	0.0336462
3.29293	0.0336462	0.0336904
3.29293	0.0336904	0.0337291
3.29293	0.0337291	0.033763
3.29393	0.033763	0.0339176
3.29393	0.0339176	0.0339279
3.29393	0.0339279	0.0339369
3.29493	0.0339369	0.0340698
3.29493	0.0340698	0.0340611
3.29493	0.0340611	0.0340534
3.29493	0.0340534	0.0340468
3.29593	0.0340468	0.0341659
3.32193	0.0341659	0.0343952
3.32193	0.0343952	0.0344708
3.32193	0.0344708	0.0345369
3.32193	0.0345369	0.0345948
3.32193	0.0345948	0.0346455
3.32193	0.0346455	0.0346898
3.32193	0.0346898	0.0347286
3.32193	0.0347286	0.0347625
3.32193	0.0347625	0.0346672
3.32193	0.0346672	0.0345838
3.32193	0.0345838	0.0345108
3.32193	0.0345108	0.034447
3.32193	0.034447	0.0343911
3.32293	0.0343911	0.0344672
3.32293	0.0344672	0.0345338
3.32293	0.0345338	0.0344671
3.32293	0.0344671	0.0344087
3.32393	0.0344087	0.0344826
3.32393	0.0344826	0.0345473
3.32393	0.0345473	0.0346039
3.32793	0.0346039	0.0351534
3.32793	0.0351534	0.0356342
3.32793	0.0356342	0.0359299
3.32793	0.0359299	0.0359387
3.32793	0.0359387	0.0358214
3.32793	0.0358214	0.0357187
3.32793	0.0357187	0.0356288
3.32793	0.0356288	0.0355502
3.32793	0.0355502	0.0354815
3.32793	0.0354815	0.0354213
3.32793	0.0354213	0.0353686
3.32793	0.0353686	0.0351975
3.32793	0.0351975	0.0350478
3.32893	0.0350478	0.0350419
3.32893	0.0350419	0.0350366
3.32893	0.0350366	0.0350321
3.32893	0.0350321	0.035028
3.32993	0.035028	0.0350245
3.32993	0.0350245	0.0350215
3.32993	0.0350215	0.0350188
3.33093	0.0350188	0.0351414
3.33093	0.0351414	0.0352488
3.33093	0.0352488	0.0353427
3.33193	0.0353427	0.0355498
3.33193	0.0355498	0.0356061
3.33193	0.0356061	0.0356553
3.33193	0.0356553	0.0356984
3.33293	0.0356984	0.0358611
3.36493	0.0358611	0.0367535
3.36493	0.0367535	0.0374093
3.36493	0.0374093	0.0379831
3.36493	0.0379831	0.0384852
3.36493	0.0384852	0.0389246
3.36493	0.0389246	0.039309
3.36493	0.039309	0.0396454
3.36493	0.0396454	0.0398147
3.36493	0.0398147	0.0399629
3.36493	0.0399629	0.0400925
3.36493	0.0400925	0.0402059
3.36493	0.0402059	0.0403052
3.36493	0.0403052	0.0403921
3.36493	0.0403921	0.040468
3.36493	0.040468	0.0404095
3.36493	0.0404095	0.0403583
3.36493	0.0403583	0.0403136
3.36493	0.0403136	0.0402744
3.36493	0.0402744	0.0402401
3.36593	0.0402401	0.0403351
3.36593	0.0403351	0.0400432
3.36593	0.0400432	0.0396628
3.36593	0.0396628	0.0393299
3.36593	0.0393299	0.0390387
3.36593	0.0390387	0.0387839
3.36593	0.0387839	0.0385609
3.36593	0.0385609	0.0383658
3.36593	0.0383658	0.038195
3.36593	0.038195	0.0379207
3.36593	0.0379207	0.0376806
3.36593	0.0376806	0.0374705
3.36593	0.0374705	0.0372867
3.36593	0.0372867	0.0371259
3.36593	0.0371259	0.0369851
3.36593	0.0369851	0.036862
3.36593	0.036862	0.0366292
3.36593	0.0366292	0.0364256
3.36593	0.0364256	0.0362474
3.36593	0.0362474	0.0360915
3.36693	0.0360915	0.03608
3.36693	0.03608	0.03607
3.36693	0.03607	0.0359363
3.36693	0.0359363	0.0358192
3.36793	0.0358192	0.0358418
3.36793	0.0358418	0.0357366
3.36793	0.0357366	0.0356445
3.36893	0.0356445	0.035689
3.36893	0.035689	0.0357278
