1.03593	0	1400
1.07093	1400	2800
1.10593	2800	4200
1.14093	4200	5600
1.17593	5600	7000
1.17593	7000	8400
1.21093	8400	9800
1.21093	9800	11200
1.21093	11200	12600
1.24593	12600	14000
1.24593	14000	15400
1.24593	15400	16800
1.24593	16800	18200
1.28093	18200	19600
1.28093	19600	21000
1.28093	21000	22400
1.28093	22400	23800
1.28093	23800	25200
1.28093	25200	26600
1.31593	26600	28000
1.31593	28000	29400
1.31593	29400	30800
1.31593	30800	32200
1.31593	32200	33600
1.31593	33600	35000
1.31593	35000	36400
1.31593	36400	37800
1.31593	37800	39200
1.35093	39200	40600
1.35093	40600	42000
1.35093	42000	43400
1.35093	43400	44800
1.35093	44800	46200
1.35093	46200	47600
1.35093	47600	49000
1.35093	49000	50400
1.35093	50400	51800
1.35093	51800	53200
1.35193	53200	54600
1.35193	54600	56000
1.35193	56000	57400
1.35193	57400	58800
1.37993	58800	60200
1.37993	60200	61600
1.37993	61600	63000
1.37993	63000	64400
1.37993	64400	65800
1.37993	65800	67200
1.43693	67200	68600
1.43693	68600	70000
1.43693	70000	71400
1.43693	71400	72800
1.43693	72800	74200
1.43693	74200	75600
1.43693	75600	77000
1.43693	77000	78400
1.43693	78400	79800
1.43693	79800	81200
1.43693	81200	82600
1.43693	82600	84000
1.43693	84000	85400
1.43693	85400	86800
1.43693	86800	88200
1.43993	88200	89600
1.43993	89600	91000
1.43993	91000	92400
1.43993	92400	93800
1.43993	93800	95200
1.43993	95200	96600
1.43993	96600	98000
1.43993	98000	99400
1.43993	99400	100800
1.47193	100800	102200
1.47193	102200	103600
1.47193	103600	105000
1.47193	105000	106400
1.47193	106400	107800
1.47193	107800	109200
1.47193	109200	110600
1.47193	110600	112000
1.47193	112000	113400
1.47193	113400	114800
1.47293	114800	116200
1.47293	116200	117600
1.47293	117600	119000
1.47293	119000	120400
1.47293	120400	121800
1.47293	121800	123200
1.47293	123200	124600
1.47293	124600	126000
1.47293	126000	127400
1.47293	127400	128800
1.47393	128800	130200
1.47393	130200	131600
1.47393	131600	133000
1.47393	133000	134400
1.47393	134400	135800
1.47393	135800	137200
1.47393	137200	138600
1.47393	138600	140000
1.47393	140000	141400
1.47393	141400	142800
1.47493	142800	144200
1.47493	144200	145600
1.47493	145600	147000
1.47493	147000	148400
1.47493	148400	149800
1.47593	149800	151200
1.51093	151200	152600
1.51093	152600	154000
1.51093	154000	155400
1.51093	155400	156800
1.51093	156800	158200
1.51093	158200	159600
1.51093	159600	161000
1.51093	161000	162400
1.51093	162400	163800
1.51093	163800	165200
1.51093	165200	166600
1.51093	166600	168000
1.51093	168000	169400
1.51093	169400	170800
1.51093	170800	172200
1.51093	172200	173600
1.51093	173600	175000
1.51093	175000	176400
1.51093	176400	177800
1.51093	177800	179200
1.51093	179200	180600
1.51093	180600	182000
1.51093	182000	183400
1.51093	183400	184800
1.51093	184800	186200
1.51093	186200	187600
1.51193	187600	189000
1.51193	189000	190400
1.51193	190400	191800
1.51193	191800	193200
1.51293	193200	194600
1.51293	194600	196000
1.51293	196000	197400
1.51393	197400	198800
1.51393	198800	200200
1.51393	200200	201600
1.51493	201600	203000
1.51493	203000	204400
1.51493	204400	205800
1.51493	205800	207200
1.51593	207200	208600
1.51593	208600	210000
1.51593	210000	211400
1.51693	211400	212800
1.51693	212800	214200
1.51693	214200	215600
1.51793	215600	217000
1.51793	217000	218400
1.55093	218400	219800
1.55093	219800	221200
1.55093	221200	222600
1.55093	222600	224000
1.55093	224000	225400
1.55093	225400	226800
1.55093	226800	228200
1.55093	228200	229600
1.55093	229600	231000
1.55093	231000	232400
1.55193	232400	233800
1.55193	233800	235200
1.55193	235200	236600
1.55193	236600	238000
1.55193	238000	239400
1.55193	239400	240800
1.55193	240800	242200
1.55193	242200	243600
1.55193	243600	245000
1.55193	245000	246400
1.55193	246400	247800
1.55193	247800	249200
1.55193	249200	250600
1.55193	250600	252000
1.55193	252000	253400
1.55193	253400	254800
1.55193	254800	256200
1.55193	256200	257600
1.55193	257600	259000
1.55193	259000	260400
1.55193	260400	261800
1.55193	261800	263200
1.55193	263200	264600
1.55293	264600	266000
1.55293	266000	267400
1.55293	267400	268800
1.55393	268800	270200
1.55393	270200	271600
1.55393	271600	273000
1.55493	273000	274400
1.55493	274400	275800
1.55493	275800	277200
1.55493	277200	278600
1.55593	278600	280000
1.55593	280000	281400
1.55593	281400	282800
1.55693	282800	284200
1.55693	284200	285600
1.59493	285600	287000
1.59493	287000	288400
1.59493	288400	289800
1.59493	289800	291200
1.59493	291200	292600
1.59493	292600	294000
1.59493	294000	295400
1.59493	295400	296800
1.59493	296800	298200
1.59493	298200	299600
1.59593	299600	301000
1.59593	301000	302400
1.59593	302400	303800
1.59593	303800	305200
1.59593	305200	306600
1.59593	306600	308000
1.59593	308000	309400
1.59593	309400	310800
1.59593	310800	312200
1.59593	312200	313600
1.59693	313600	315000
1.59693	315000	316400
1.59693	316400	317800
1.59693	317800	319200
1.59693	319200	320600
1.59693	320600	322000
1.59693	322000	323400
1.59693	323400	324800
1.59693	324800	326200
1.59693	326200	327600
1.59793	327600	329000
1.59793	329000	330400
1.59793	330400	331800
1.59793	331800	333200
1.59793	333200	334600
1.59793	334600	336000
1.59893	336000	337400
1.59893	337400	338800
1.59893	338800	340200
1.59993	340200	341600
1.59993	341600	343000
1.59993	343000	344400
1.59993	344400	345800
1.60093	345800	347200
1.60093	347200	348600
1.60093	348600	350000
1.63493	350000	351400
1.63493	351400	352800
1.63593	352800	354200
1.63593	354200	355600
1.63593	355600	357000
1.63593	357000	358400
1.63593	358400	359800
1.63593	359800	361200
1.63593	361200	362600
1.63593	362600	364000
1.63593	364000	365400
1.63593	365400	366800
1.63593	366800	368200
1.63593	368200	369600
1.63593	369600	371000
1.63593	371000	372400
1.63593	372400	373800
1.63593	373800	375200
1.63593	375200	376600
1.63593	376600	378000
1.63593	378000	379400
1.63593	379400	380800
1.63593	380800	382200
1.63593	382200	383600
1.63593	383600	385000
1.63593	385000	386400
1.63593	386400	387800
1.63593	387800	389200
1.63593	389200	390600
1.63593	390600	392000
1.63593	392000	393400
1.63593	393400	394800
1.63593	394800	396200
1.63593	396200	397600
1.63593	397600	399000
1.63693	399000	400400
1.63693	400400	401800
1.63693	401800	403200
1.63793	403200	404600
1.63793	404600	406000
1.63793	406000	407400
1.63893	407400	408800
1.63893	408800	410200
1.63893	410200	411600
1.63893	411600	413000
1.63993	413000	414400
1.63993	414400	415800
1.63993	415800	417200
1.67693	417200	418600
1.67693	418600	420000
1.67693	420000	421400
1.67693	421400	422800
1.67693	422800	424200
1.67693	424200	425600
1.67693	425600	427000
1.67693	427000	428400
1.67693	428400	429800
1.67693	429800	431200
1.67793	431200	432600
1.67793	432600	434000
1.67793	434000	435400
1.67793	435400	436800
1.67793	436800	438200
1.67793	438200	439600
1.67793	439600	441000
1.67793	441000	442400
1.67793	442400	443800
1.67793	443800	445200
1.67893	445200	446600
1.67893	446600	448000
1.67893	448000	449400
1.67893	449400	450800
1.67893	450800	452200
1.67893	452200	453600
1.67893	453600	455000
1.67893	455000	456400
1.67893	456400	457800
1.67893	457800	459200
1.67993	459200	460600
1.67993	460600	462000
1.67993	462000	463400
1.67993	463400	464800
1.67993	464800	466200
1.67993	466200	467600
1.68093	467600	469000
1.68093	469000	470400
1.68093	470400	471800
1.68193	471800	473200
1.68193	473200	474600
1.68193	474600	476000
1.68193	476000	477400
1.68293	477400	478800
1.68293	478800	480200
1.68293	480200	481600
1.68393	481600	483000
1.68393	483000	484400
1.71793	484400	485800
1.71793	485800	487200
1.71793	487200	488600
1.71793	488600	490000
1.71793	490000	491400
1.71793	491400	492800
1.71793	492800	494200
1.71793	494200	495600
1.71793	495600	497000
1.71793	497000	498400
1.71793	498400	499800
1.71793	499800	501200
1.71793	501200	502600
1.71793	502600	504000
1.71793	504000	505400
1.71793	505400	506800
1.71793	506800	508200
1.71793	508200	509600
1.71793	509600	511000
1.71793	511000	512400
1.71793	512400	513800
1.71793	513800	515200
1.71793	515200	516600
1.71793	516600	518000
1.71793	518000	519400
1.71793	519400	520800
1.71793	520800	522200
1.71793	522200	523600
1.71793	523600	525000
1.71793	525000	526400
1.71793	526400	527800
1.71793	527800	529200
1.71793	529200	530600
1.71893	530600	532000
1.71893	532000	533400
1.71893	533400	534800
1.71993	534800	536200
1.71993	536200	537600
1.71993	537600	539000
1.72093	539000	540400
1.72093	540400	541800
1.72093	541800	543200
1.72093	543200	544600
1.72193	544600	546000
1.72193	546000	547400
1.72193	547400	548800
1.72293	548800	550200
1.72293	550200	551600
1.76093	551600	553000
1.76093	553000	554400
1.76093	554400	555800
1.76093	555800	557200
1.76093	557200	558600
1.76093	558600	560000
1.76093	560000	561400
1.76093	561400	562800
1.76093	562800	564200
1.76093	564200	565600
1.76193	565600	567000
1.76193	567000	568400
1.76193	568400	569800
1.76193	569800	571200
1.76193	571200	572600
1.76193	572600	574000
1.76193	574000	575400
1.76193	575400	576800
1.76193	576800	578200
1.76193	578200	579600
1.76293	579600	581000
1.76293	581000	582400
1.76293	582400	583800
1.76293	583800	585200
1.76293	585200	586600
1.76293	586600	588000
1.76293	588000	589400
1.76293	589400	590800
1.76293	590800	592200
1.76293	592200	593600
1.76393	593600	595000
1.76393	595000	596400
1.76393	596400	597800
1.76393	597800	599200
1.76393	599200	600600
1.76393	600600	602000
1.76493	602000	603400
1.76493	603400	604800
1.76493	604800	606200
1.76593	606200	607600
1.76593	607600	609000
1.76593	609000	610400
1.76593	610400	611800
1.76693	611800	613200
1.76693	613200	614600
1.76693	614600	616000
1.80093	616000	617400
1.80093	617400	618800
1.80193	618800	620200
1.80193	620200	621600
1.80193	621600	623000
1.80193	623000	624400
1.80193	624400	625800
1.80193	625800	627200
1.80193	627200	628600
1.80193	628600	630000
1.80193	630000	631400
1.80193	631400	632800
1.80193	632800	634200
1.80193	634200	635600
1.80193	635600	637000
1.80193	637000	638400
1.80193	638400	639800
1.80193	639800	641200
1.80193	641200	642600
1.80193	642600	644000
1.80193	644000	645400
1.80193	645400	646800
1.80193	646800	648200
1.80193	648200	649600
1.80193	649600	651000
1.80193	651000	652400
1.80193	652400	653800
1.80193	653800	655200
1.80193	655200	656600
1.80193	656600	658000
1.80193	658000	659400
1.80193	659400	660800
1.80193	660800	662200
1.80193	662200	663600
1.80193	663600	665000
1.80293	665000	666400
1.80293	666400	667800
1.80293	667800	669200
1.80393	669200	670600
1.80393	670600	672000
1.80393	672000	673400
1.80493	673400	674800
1.80493	674800	676200
1.80493	676200	677600
1.80493	677600	679000
1.80593	679000	680400
1.80593	680400	681800
1.80593	681800	683200
1.84293	683200	684600
1.84293	684600	686000
1.84293	686000	687400
1.84293	687400	688800
1.84293	688800	690200
1.84293	690200	691600
1.84293	691600	693000
1.84293	693000	694400
1.84293	694400	695800
1.84293	695800	697200
1.84393	697200	698600
1.84393	698600	700000
1.84393	700000	701400
1.84393	701400	702800
1.84393	702800	704200
1.84393	704200	705600
1.84393	705600	707000
1.84393	707000	708400
1.84393	708400	709800
1.84393	709800	711200
1.84493	711200	712600
1.84493	712600	714000
1.84493	714000	715400
1.84493	715400	716800
1.84493	716800	718200
1.84493	718200	719600
1.84493	719600	721000
1.84493	721000	722400
1.84493	722400	723800
1.84493	723800	725200
1.84593	725200	726600
1.84593	726600	728000
1.84593	728000	729400
1.84593	729400	730800
1.84593	730800	732200
1.84593	732200	733600
1.84693	733600	735000
1.84693	735000	736400
1.84693	736400	737800
1.84793	737800	739200
1.84793	739200	740600
1.84793	740600	742000
1.84793	742000	743400
1.84893	743400	744800
1.84893	744800	746200
1.84893	746200	747600
1.84993	747600	749000
1.84993	749000	750400
1.88393	750400	751800
1.88393	751800	753200
1.88393	753200	754600
1.88393	754600	756000
1.88393	756000	757400
1.88393	757400	758800
1.88393	758800	760200
1.88393	760200	761600
1.88393	761600	763000
1.88393	763000	764400
1.88393	764400	765800
1.88393	765800	767200
1.88393	767200	768600
1.88393	768600	770000
1.88393	770000	771400
1.88393	771400	772800
1.88393	772800	774200
1.88393	774200	775600
1.88393	775600	777000
1.88393	777000	778400
1.88393	778400	779800
1.88393	779800	781200
1.88393	781200	782600
1.88393	782600	784000
1.88393	784000	785400
1.88393	785400	786800
1.88393	786800	788200
1.88393	788200	789600
1.88393	789600	791000
1.88393	791000	792400
1.88393	792400	793800
1.88393	793800	795200
1.88393	795200	796600
1.88493	796600	798000
1.88493	798000	799400
1.88493	799400	800800
1.88593	800800	802200
1.88593	802200	803600
1.88593	803600	805000
1.88693	805000	806400
1.88693	806400	807800
1.88693	807800	809200
1.88693	809200	810600
1.88793	810600	812000
1.88793	812000	813400
1.88793	813400	814800
1.88893	814800	816200
1.88893	816200	817600
1.92693	817600	819000
1.92693	819000	820400
1.92693	820400	821800
1.92693	821800	823200
1.92693	823200	824600
1.92693	824600	826000
1.92693	826000	827400
1.92693	827400	828800
1.92693	828800	830200
1.92693	830200	831600
1.92793	831600	833000
1.92793	833000	834400
1.92793	834400	835800
1.92793	835800	837200
1.92793	837200	838600
1.92793	838600	840000
1.92793	840000	841400
1.92793	841400	842800
1.92793	842800	844200
1.92793	844200	845600
1.92893	845600	847000
1.92893	847000	848400
1.92893	848400	849800
1.92893	849800	851200
1.92893	851200	852600
1.92893	852600	854000
1.92893	854000	855400
1.92893	855400	856800
1.92893	856800	858200
1.92893	858200	859600
1.92993	859600	861000
1.92993	861000	862400
1.92993	862400	863800
1.92993	863800	865200
1.92993	865200	866600
1.92993	866600	868000
1.93093	868000	869400
1.93093	869400	870800
1.93093	870800	872200
1.93193	872200	873600
1.93193	873600	875000
1.93193	875000	876400
1.93193	876400	877800
1.93293	877800	879200
1.93293	879200	880600
1.93293	880600	882000
1.96693	882000	883400
1.96693	883400	884800
1.96793	884800	886200
1.96793	886200	887600
1.96793	887600	889000
1.96793	889000	890400
1.96793	890400	891800
1.96793	891800	893200
1.96793	893200	894600
1.96793	894600	896000
1.96793	896000	897400
1.96793	897400	898800
1.96793	898800	900200
1.96793	900200	901600
1.96793	901600	903000
1.96793	903000	904400
1.96793	904400	905800
1.96793	905800	907200
1.96793	907200	908600
1.96793	908600	910000
1.96793	910000	911400
1.96793	911400	912800
1.96793	912800	914200
1.96793	914200	915600
1.96793	915600	917000
1.96793	917000	918400
1.96793	918400	919800
1.96793	919800	921200
1.96793	921200	922600
1.96793	922600	924000
1.96793	924000	925400
1.96793	925400	926800
1.96793	926800	928200
1.96793	928200	929600
1.96793	929600	931000
1.96893	931000	932400
1.96893	932400	933800
1.96893	933800	935200
1.96993	935200	936600
1.96993	936600	938000
1.96993	938000	939400
1.97093	939400	940800
1.97093	940800	942200
1.97093	942200	943600
1.97093	943600	945000
1.97193	945000	946400
1.97193	946400	947800
1.97193	947800	949200
2.00893	949200	950600
2.00893	950600	952000
2.00893	952000	953400
2.00893	953400	954800
2.00893	954800	956200
2.00893	956200	957600
2.00893	957600	959000
2.00893	959000	960400
2.00893	960400	961800
2.00893	961800	963200
2.00893	963200	964600
2.00893	964600	966000
2.00893	966000	967400
2.00893	967400	968800
2.00893	968800	970200
2.00893	970200	971600
2.00893	971600	973000
2.00893	973000	974400
2.00893	974400	975800
2.00893	975800	977200
2.00893	977200	978600
2.00893	978600	980000
2.00893	980000	981400
2.00893	981400	982800
2.00893	982800	984200
2.00893	984200	985600
2.00993	985600	987000
2.00993	987000	988400
2.00993	988400	989800
2.01093	989800	991200
2.01093	991200	992600
2.01093	992600	994000
2.01093	994000	995400
2.01193	995400	996800
2.01193	996800	998200
2.01193	998200	999600
2.01293	999600	1001000
2.01293	1001000	1002400
2.01293	1002400	1003800
2.01393	1003800	1005200
2.01393	1005200	1006600
2.01393	1006600	1008000
2.01393	1008000	1009400
2.01493	1009400	1010800
2.01493	1010800	1012200
2.01493	1012200	1013600
2.01593	1013600	1015000
2.01593	1015000	1016400
2.05093	1016400	1017800
2.05093	1017800	1019200
2.05093	1019200	1020600
2.05093	1020600	1022000
2.05093	1022000	1023400
2.05093	1023400	1024800
2.05093	1024800	1026200
2.05093	1026200	1027600
2.05093	1027600	1029000
2.05093	1029000	1030400
2.05093	1030400	1031800
2.05093	1031800	1033200
2.05093	1033200	1034600
2.05093	1034600	1036000
2.05093	1036000	1037400
2.05093	1037400	1038800
2.05093	1038800	1040200
2.05093	1040200	1041600
2.05093	1041600	1043000
2.05093	1043000	1044400
2.05093	1044400	1045800
2.05093	1045800	1047200
2.05093	1047200	1048600
2.05093	1048600	1050000
2.05093	1050000	1051400
2.05093	1051400	1052800
2.05093	1052800	1054200
2.05093	1054200	1055600
2.05093	1055600	1057000
2.05093	1057000	1058400
2.05093	1058400	1059800
2.05093	1059800	1061200
2.05093	1061200	1062600
2.05093	1062600	1064000
2.05093	1064000	1065400
2.05093	1065400	1066800
2.05193	1066800	1068200
2.05193	1068200	1069600
2.05193	1069600	1071000
2.05293	1071000	1072400
2.05293	1072400	1073800
2.05293	1073800	1075200
2.05293	1075200	1076600
2.05393	1076600	1078000
2.05393	1078000	1079400
2.05393	1079400	1080800
2.05593	1080800	1082200
2.05593	1082200	1083600
2.09693	1083600	1085000
2.09693	1085000	1086400
2.09693	1086400	1087800
2.09693	1087800	1089200
2.09693	1089200	1090600
2.09693	1090600	1092000
2.09693	1092000	1093400
2.09693	1093400	1094800
2.09693	1094800	1096200
2.09693	1096200	1097600
2.09793	1097600	1099000
2.09793	1099000	1100400
2.09793	1100400	1101800
2.09793	1101800	1103200
2.09793	1103200	1104600
2.09793	1104600	1106000
2.09793	1106000	1107400
2.09793	1107400	1108800
2.09793	1108800	1110200
2.09793	1110200	1111600
2.09893	1111600	1113000
2.09893	1113000	1114400
2.09893	1114400	1115800
2.09893	1115800	1117200
2.09893	1117200	1118600
2.09893	1118600	1120000
2.09893	1120000	1121400
2.09893	1121400	1122800
2.09893	1122800	1124200
2.09893	1124200	1125600
2.09993	1125600	1127000
2.09993	1127000	1128400
2.09993	1128400	1129800
2.09993	1129800	1131200
2.09993	1131200	1132600
2.09993	1132600	1134000
2.10093	1134000	1135400
2.10093	1135400	1136800
2.10093	1136800	1138200
2.10193	1138200	1139600
2.10193	1139600	1141000
2.10193	1141000	1142400
2.10193	1142400	1143800
2.10293	1143800	1145200
2.10293	1145200	1146600
2.10293	1146600	1148000
2.10393	1148000	1149400
2.10393	1149400	1150800
2.14393	1150800	1152200
2.14393	1152200	1153600
2.14393	1153600	1155000
2.14393	1155000	1156400
2.14393	1156400	1157800
2.14393	1157800	1159200
2.14393	1159200	1160600
2.14393	1160600	1162000
2.14393	1162000	1163400
2.14393	1163400	1164800
2.14393	1164800	1166200
2.14393	1166200	1167600
2.14393	1167600	1169000
2.14393	1169000	1170400
2.14393	1170400	1171800
2.14393	1171800	1173200
2.14393	1173200	1174600
2.14393	1174600	1176000
2.14393	1176000	1177400
2.14393	1177400	1178800
2.14393	1178800	1180200
2.14393	1180200	1181600
2.14393	1181600	1183000
2.14393	1183000	1184400
2.14393	1184400	1185800
2.14393	1185800	1187200
2.14393	1187200	1188600
2.14393	1188600	1190000
2.14393	1190000	1191400
2.14393	1191400	1192800
2.14393	1192800	1194200
2.14393	1194200	1195600
2.14393	1195600	1197000
2.14393	1197000	1198400
2.14393	1198400	1199800
2.14393	1199800	1201200
2.14393	1201200	1202600
2.14393	1202600	1204000
2.14393	1204000	1205400
2.14393	1205400	1206800
2.14393	1206800	1208200
2.14393	1208200	1209600
2.14393	1209600	1211000
2.14493	1211000	1212400
2.14493	1212400	1213800
2.14493	1213800	1215200
2.14593	1215200	1216600
2.14593	1216600	1218000
2.18093	1218000	1219400
2.18093	1219400	1220800
2.18093	1220800	1222200
2.18093	1222200	1223600
2.18093	1223600	1225000
2.18093	1225000	1226400
2.18093	1226400	1227800
2.18093	1227800	1229200
2.18093	1229200	1230600
2.18093	1230600	1232000
2.18093	1232000	1233400
2.18093	1233400	1234800
2.18093	1234800	1236200
2.18093	1236200	1237600
2.18093	1237600	1239000
2.18093	1239000	1240400
2.18093	1240400	1241800
2.18093	1241800	1243200
2.18093	1243200	1244600
2.18093	1244600	1246000
2.18093	1246000	1247400
2.18093	1247400	1248800
2.18093	1248800	1250200
2.18093	1250200	1251600
2.18093	1251600	1253000
2.18093	1253000	1254400
2.18093	1254400	1255800
2.18093	1255800	1257200
2.18093	1257200	1258600
2.18093	1258600	1260000
2.18193	1260000	1261400
2.18193	1261400	1262800
2.18193	1262800	1264200
2.18293	1264200	1265600
2.18293	1265600	1267000
2.18293	1267000	1268400
2.18293	1268400	1269800
2.18393	1269800	1271200
2.18393	1271200	1272600
2.18393	1272600	1274000
2.18493	1274000	1275400
2.18493	1275400	1276800
2.18493	1276800	1278200
2.18593	1278200	1279600
2.18593	1279600	1281000
2.18593	1281000	1282400
2.18593	1282400	1283800
2.18693	1283800	1285200
2.22793	1285200	1286600
2.22793	1286600	1288000
2.22793	1288000	1289400
2.22793	1289400	1290800
2.22793	1290800	1292200
2.22793	1292200	1293600
2.22793	1293600	1295000
2.22793	1295000	1296400
2.22793	1296400	1297800
2.22793	1297800	1299200
2.22893	1299200	1300600
2.22893	1300600	1302000
2.22893	1302000	1303400
2.22893	1303400	1304800
2.22893	1304800	1306200
2.22893	1306200	1307600
2.22893	1307600	1309000
2.22893	1309000	1310400
2.22893	1310400	1311800
2.22893	1311800	1313200
2.22993	1313200	1314600
2.22993	1314600	1316000
2.22993	1316000	1317400
2.22993	1317400	1318800
2.22993	1318800	1320200
2.22993	1320200	1321600
2.22993	1321600	1323000
2.22993	1323000	1324400
2.22993	1324400	1325800
2.22993	1325800	1327200
2.23093	1327200	1328600
2.23093	1328600	1330000
2.23093	1330000	1331400
2.23093	1331400	1332800
2.23093	1332800	1334200
2.23093	1334200	1335600
2.23093	1335600	1337000
2.23093	1337000	1338400
2.23093	1338400	1339800
2.23093	1339800	1341200
2.23093	1341200	1342600
2.23193	1342600	1344000
2.23193	1344000	1345400
2.23193	1345400	1346800
2.23193	1346800	1348200
2.23193	1348200	1349600
2.23293	1349600	1351000
2.23293	1351000	1352400
2.27493	1352400	1353800
2.27493	1353800	1355200
2.27493	1355200	1356600
2.27493	1356600	1358000
2.27493	1358000	1359400
2.27493	1359400	1360800
2.27493	1360800	1362200
2.27493	1362200	1363600
2.27493	1363600	1365000
2.27493	1365000	1366400
2.27493	1366400	1367800
2.27493	1367800	1369200
2.27493	1369200	1370600
2.27493	1370600	1372000
2.27493	1372000	1373400
2.27493	1373400	1374800
2.27493	1374800	1376200
2.27493	1376200	1377600
2.27493	1377600	1379000
2.27493	1379000	1380400
2.27493	1380400	1381800
2.27493	1381800	1383200
2.27493	1383200	1384600
2.27493	1384600	1386000
2.27493	1386000	1387400
2.27493	1387400	1388800
2.27593	1388800	1390200
2.27593	1390200	1391600
2.27593	1391600	1393000
2.27693	1393000	1394400
2.27693	1394400	1395800
2.27693	1395800	1397200
2.27693	1397200	1398600
2.31093	1398600	1400000
2.31093	1400000	1401400
2.31093	1401400	1402800
2.31093	1402800	1404200
2.31093	1404200	1405600
2.31093	1405600	1407000
2.31093	1407000	1408400
2.31093	1408400	1409800
2.31093	1409800	1411200
2.31093	1411200	1412600
2.31093	1412600	1414000
2.31093	1414000	1415400
2.31093	1415400	1416800
2.31093	1416800	1418200
2.31093	1418200	1419600
2.31793	1419600	1421000
2.31793	1421000	1422400
2.31793	1422400	1423800
2.31793	1423800	1425200
2.31793	1425200	1426600
2.31793	1426600	1428000
2.31793	1428000	1429400
2.31793	1429400	1430800
2.31793	1430800	1432200
2.31793	1432200	1433600
2.31793	1433600	1435000
2.31793	1435000	1436400
2.31793	1436400	1437800
2.31793	1437800	1439200
2.31793	1439200	1440600
2.31793	1440600	1442000
2.31793	1442000	1443400
2.31793	1443400	1444800
2.31793	1444800	1446200
2.31793	1446200	1447600
2.31793	1447600	1449000
2.31793	1449000	1450400
2.31793	1450400	1451800
2.31793	1451800	1453200
2.31793	1453200	1454600
2.31793	1454600	1456000
2.31793	1456000	1457400
2.31793	1457400	1458800
2.31793	1458800	1460200
2.31893	1460200	1461600
2.31893	1461600	1463000
2.31893	1463000	1464400
2.31893	1464400	1465800
2.35393	1465800	1467200
2.35393	1467200	1468600
2.35393	1468600	1470000
2.35393	1470000	1471400
2.35393	1471400	1472800
2.35393	1472800	1474200
2.35393	1474200	1475600
2.35393	1475600	1477000
2.35393	1477000	1478400
2.35393	1478400	1479800
2.35493	1479800	1481200
2.35493	1481200	1482600
2.35493	1482600	1484000
2.35493	1484000	1485400
2.35493	1485400	1486800
2.35493	1486800	1488200
2.35493	1488200	1489600
2.35493	1489600	1491000
2.35493	1491000	1492400
2.35493	1492400	1493800
2.35593	1493800	1495200
2.35593	1495200	1496600
2.35593	1496600	1498000
2.35593	1498000	1499400
2.35593	1499400	1500800
2.35593	1500800	1502200
2.35593	1502200	1503600
2.35593	1503600	1505000
2.35593	1505000	1506400
2.35593	1506400	1507800
2.35693	1507800	1509200
2.35693	1509200	1510600
2.35693	1510600	1512000
2.35693	1512000	1513400
2.35693	1513400	1514800
2.35693	1514800	1516200
2.35693	1516200	1517600
2.35693	1517600	1519000
2.35693	1519000	1520400
2.35693	1520400	1521800
2.35693	1521800	1523200
2.35793	1523200	1524600
2.35793	1524600	1526000
2.35793	1526000	1527400
2.35793	1527400	1528800
2.35793	1528800	1530200
2.35793	1530200	1531600
2.35793	1531600	1533000
2.38593	1533000	1534400
2.38593	1534400	1535800
2.38593	1535800	1537200
2.38593	1537200	1538600
2.38593	1538600	1540000
2.38593	1540000	1541400
2.38593	1541400	1542800
2.38593	1542800	1544200
2.38593	1544200	1545600
2.38593	1545600	1547000
2.38993	1547000	1548400
2.38993	1548400	1549800
2.38993	1549800	1551200
2.38993	1551200	1552600
2.38993	1552600	1554000
2.38993	1554000	1555400
2.38993	1555400	1556800
2.38993	1556800	1558200
2.38993	1558200	1559600
2.38993	1559600	1561000
2.39093	1561000	1562400
2.39093	1562400	1563800
2.39093	1563800	1565200
2.39093	1565200	1566600
2.39093	1566600	1568000
2.39093	1568000	1569400
2.39093	1569400	1570800
2.39093	1570800	1572200
2.39093	1572200	1573600
2.39193	1573600	1575000
2.39193	1575000	1576400
2.39193	1576400	1577800
2.39193	1577800	1579200
2.39293	1579200	1580600
2.39293	1580600	1582000
2.39293	1582000	1583400
2.39393	1583400	1584800
2.39393	1584800	1586200
2.39393	1586200	1587600
2.39493	1587600	1589000
2.39493	1589000	1590400
2.39493	1590400	1591800
2.39493	1591800	1593200
2.39593	1593200	1594600
2.39593	1594600	1596000
2.39593	1596000	1597400
2.39693	1597400	1598800
2.39693	1598800	1600200
2.42193	1600200	1601600
2.42193	1601600	1603000
2.42193	1603000	1604400
2.42193	1604400	1605800
2.42193	1605800	1607200
2.42193	1607200	1608600
2.42193	1608600	1610000
2.42193	1610000	1611400
2.42193	1611400	1612800
2.42193	1612800	1614200
2.42293	1614200	1615600
2.42293	1615600	1617000
2.42293	1617000	1618400
2.42293	1618400	1619800
2.42293	1619800	1621200
2.42293	1621200	1622600
2.42293	1622600	1624000
2.42293	1624000	1625400
2.42293	1625400	1626800
2.42393	1626800	1628200
2.42393	1628200	1629600
2.42393	1629600	1631000
2.42393	1631000	1632400
2.42493	1632400	1633800
2.42493	1633800	1635200
2.42493	1635200	1636600
2.42593	1636600	1638000
2.42593	1638000	1639400
2.42593	1639400	1640800
2.42793	1640800	1642200
2.42793	1642200	1643600
2.42793	1643600	1645000
2.42793	1645000	1646400
2.42793	1646400	1647800
2.42793	1647800	1649200
2.42793	1649200	1650600
2.42893	1650600	1652000
2.42893	1652000	1653400
2.42893	1653400	1654800
2.42993	1654800	1656200
2.42993	1656200	1657600
2.42993	1657600	1659000
2.42993	1659000	1660400
2.43093	1660400	1661800
2.43093	1661800	1663200
2.43093	1663200	1664600
2.43193	1664600	1666000
2.43193	1666000	1667400
2.45793	1667400	1668800
2.45793	1668800	1670200
2.45793	1670200	1671600
2.45793	1671600	1673000
2.45793	1673000	1674400
2.45793	1674400	1675800
2.45793	1675800	1677200
2.45793	1677200	1678600
2.45793	1678600	1680000
2.45793	1680000	1681400
2.45893	1681400	1682800
2.45893	1682800	1684200
2.45893	1684200	1685600
2.45893	1685600	1687000
2.45893	1687000	1688400
2.45893	1688400	1689800
2.45893	1689800	1691200
2.45993	1691200	1692600
2.45993	1692600	1694000
2.45993	1694000	1695400
2.46093	1695400	1696800
2.46093	1696800	1698200
2.46093	1698200	1699600
2.46193	1699600	1701000
2.46193	1701000	1702400
2.46193	1702400	1703800
2.46193	1703800	1705200
2.46293	1705200	1706600
2.46293	1706600	1708000
2.46293	1708000	1709400
2.46393	1709400	1710800
2.46393	1710800	1712200
2.46393	1712200	1713600
2.46493	1713600	1715000
2.46493	1715000	1716400
2.46493	1716400	1717800
2.46493	1717800	1719200
2.46593	1719200	1720600
2.46593	1720600	1722000
2.46593	1722000	1723400
2.46693	1723400	1724800
2.46693	1724800	1726200
2.46693	1726200	1727600
2.46793	1727600	1729000
2.46793	1729000	1730400
2.46793	1730400	1731800
2.46793	1731800	1733200
2.46893	1733200	1734600
2.49393	1734600	1736000
2.49393	1736000	1737400
2.49393	1737400	1738800
2.49393	1738800	1740200
2.49393	1740200	1741600
2.49393	1741600	1743000
2.49393	1743000	1744400
2.49393	1744400	1745800
2.49393	1745800	1747200
2.49393	1747200	1748600
2.49393	1748600	1750000
2.49393	1750000	1751400
2.49393	1751400	1752800
2.49393	1752800	1754200
2.49393	1754200	1755600
2.49393	1755600	1757000
2.49393	1757000	1758400
2.49493	1758400	1759800
2.49493	1759800	1761200
2.49493	1761200	1762600
2.49593	1762600	1764000
2.49593	1764000	1765400
2.49593	1765400	1766800
2.49993	1766800	1768200
2.49993	1768200	1769600
2.49993	1769600	1771000
2.49993	1771000	1772400
2.49993	1772400	1773800
2.49993	1773800	1775200
2.49993	1775200	1776600
2.49993	1776600	1778000
2.49993	1778000	1779400
2.49993	1779400	1780800
2.50093	1780800	1782200
2.50093	1782200	1783600
2.50093	1783600	1785000
2.50093	1785000	1786400
2.50093	1786400	1787800
2.50093	1787800	1789200
2.50093	1789200	1790600
2.50193	1790600	1792000
2.50193	1792000	1793400
2.50193	1793400	1794800
2.50293	1794800	1796200
2.50293	1796200	1797600
2.50293	1797600	1799000
2.50293	1799000	1800400
2.50393	1800400	1801800
2.52993	1801800	1803200
2.52993	1803200	1804600
2.52993	1804600	1806000
2.52993	1806000	1807400
2.52993	1807400	1808800
2.52993	1808800	1810200
2.52993	1810200	1811600
2.52993	1811600	1813000
2.52993	1813000	1814400
2.52993	1814400	1815800
2.52993	1815800	1817200
2.52993	1817200	1818600
2.52993	1818600	1820000
2.53093	1820000	1821400
2.53093	1821400	1822800
2.53093	1822800	1824200
2.53093	1824200	1825600
2.53193	1825600	1827000
2.53193	1827000	1828400
2.53193	1828400	1829800
2.53593	1829800	1831200
2.53593	1831200	1832600
2.53593	1832600	1834000
2.53593	1834000	1835400
2.53593	1835400	1836800
2.53593	1836800	1838200
2.53593	1838200	1839600
2.53593	1839600	1841000
2.53593	1841000	1842400
2.53593	1842400	1843800
2.53593	1843800	1845200
2.53593	1845200	1846600
2.53593	1846600	1848000
2.53693	1848000	1849400
2.53693	1849400	1850800
2.53693	1850800	1852200
2.53693	1852200	1853600
2.53793	1853600	1855000
2.53793	1855000	1856400
2.53793	1856400	1857800
2.53893	1857800	1859200
2.53893	1859200	1860600
2.53893	1860600	1862000
2.53993	1862000	1863400
2.53993	1863400	1864800
2.53993	1864800	1866200
2.53993	1866200	1867600
2.54093	1867600	1869000
2.56593	1869000	1870400
2.56593	1870400	1871800
2.56593	1871800	1873200
2.56593	1873200	1874600
2.56593	1874600	1876000
2.56593	1876000	1877400
2.56593	1877400	1878800
2.56593	1878800	1880200
2.56593	1880200	1881600
2.56593	1881600	1883000
2.56593	1883000	1884400
2.56593	1884400	1885800
2.56593	1885800	1887200
2.56593	1887200	1888600
2.56593	1888600	1890000
2.56593	1890000	1891400
2.56593	1891400	1892800
2.56693	1892800	1894200
2.56693	1894200	1895600
2.56693	1895600	1897000
2.56793	1897000	1898400
2.56793	1898400	1899800
2.56793	1899800	1901200
2.57193	1901200	1902600
2.57193	1902600	1904000
2.57193	1904000	1905400
2.57193	1905400	1906800
2.57193	1906800	1908200
2.57193	1908200	1909600
2.57193	1909600	1911000
2.57193	1911000	1912400
2.57193	1912400	1913800
2.57193	1913800	1915200
2.57193	1915200	1916600
2.57193	1916600	1918000
2.57193	1918000	1919400
2.57193	1919400	1920800
2.57293	1920800	1922200
2.57293	1922200	1923600
2.57293	1923600	1925000
2.57393	1925000	1926400
2.57393	1926400	1927800
2.57393	1927800	1929200
2.57493	1929200	1930600
2.57493	1930600	1932000
2.57493	1932000	1933400
2.57493	1933400	1934800
2.57593	1934800	1936200
2.60193	1936200	1937600
2.60193	1937600	1939000
2.60193	1939000	1940400
2.60193	1940400	1941800
2.60193	1941800	1943200
2.60193	1943200	1944600
2.60193	1944600	1946000
2.60193	1946000	1947400
2.60193	1947400	1948800
2.60193	1948800	1950200
2.60193	1950200	1951600
2.60193	1951600	1953000
2.60193	1953000	1954400
2.60293	1954400	1955800
2.60293	1955800	1957200
2.60293	1957200	1958600
2.60293	1958600	1960000
2.60393	1960000	1961400
2.60393	1961400	1962800
2.60393	1962800	1964200
2.60793	1964200	1965600
2.60793	1965600	1967000
2.60793	1967000	1968400
2.60793	1968400	1969800
2.60793	1969800	1971200
2.60793	1971200	1972600
2.60793	1972600	1974000
2.60793	1974000	1975400
2.60793	1975400	1976800
2.60793	1976800	1978200
2.60793	1978200	1979600
2.60793	1979600	1981000
2.60793	1981000	1982400
2.60893	1982400	1983800
2.60893	1983800	1985200
2.60893	1985200	1986600
2.60893	1986600	1988000
2.60993	1988000	1989400
2.60993	1989400	1990800
2.60993	1990800	1992200
2.61093	1992200	1993600
2.61093	1993600	1995000
2.61093	1995000	1996400
2.61193	1996400	1997800
2.61193	1997800	1999200
2.61193	1999200	2000600
2.61193	2000600	2002000
2.61293	2002000	2003400
2.63793	2003400	2004800
2.63793	2004800	2006200
2.63793	2006200	2007600
2.63793	2007600	2009000
2.63793	2009000	2010400
2.63793	2010400	2011800
2.63793	2011800	2013200
2.63793	2013200	2014600
2.63793	2014600	2016000
2.63793	2016000	2017400
2.63793	2017400	2018800
2.63793	2018800	2020200
2.63793	2020200	2021600
2.63793	2021600	2023000
2.63793	2023000	2024400
2.63793	2024400	2025800
2.63793	2025800	2027200
2.63893	2027200	2028600
2.63893	2028600	2030000
2.63893	2030000	2031400
2.63993	2031400	2032800
2.63993	2032800	2034200
2.63993	2034200	2035600
2.64393	2035600	2037000
2.64393	2037000	2038400
2.64393	2038400	2039800
2.64393	2039800	2041200
2.64393	2041200	2042600
2.64393	2042600	2044000
2.64393	2044000	2045400
2.64393	2045400	2046800
2.64393	2046800	2048200
2.64393	2048200	2049600
2.64393	2049600	2051000
2.64393	2051000	2052400
2.64393	2052400	2053800
2.64393	2053800	2055200
2.64493	2055200	2056600
2.64493	2056600	2058000
2.64493	2058000	2059400
2.64593	2059400	2060800
2.64593	2060800	2062200
2.64593	2062200	2063600
2.64693	2063600	2065000
2.64693	2065000	2066400
2.64693	2066400	2067800
2.64693	2067800	2069200
2.64793	2069200	2070600
2.67393	2070600	2072000
2.67393	2072000	2073400
2.67393	2073400	2074800
2.67393	2074800	2076200
2.67393	2076200	2077600
2.67393	2077600	2079000
2.67393	2079000	2080400
2.67393	2080400	2081800
2.67393	2081800	2083200
2.67393	2083200	2084600
2.67493	2084600	2086000
2.67493	2086000	2087400
2.67493	2087400	2088800
2.67493	2088800	2090200
2.67493	2090200	2091600
2.67493	2091600	2093000
2.67493	2093000	2094400
2.67593	2094400	2095800
2.67593	2095800	2097200
2.67593	2097200	2098600
2.67693	2098600	2100000
2.67693	2100000	2101400
2.67693	2101400	2102800
2.67793	2102800	2104200
2.67793	2104200	2105600
2.67793	2105600	2107000
2.67793	2107000	2108400
2.67893	2108400	2109800
2.67893	2109800	2111200
2.67893	2111200	2112600
2.67993	2112600	2114000
2.67993	2114000	2115400
2.67993	2115400	2116800
2.68093	2116800	2118200
2.68093	2118200	2119600
2.68093	2119600	2121000
2.68093	2121000	2122400
2.68193	2122400	2123800
2.68193	2123800	2125200
2.68193	2125200	2126600
2.68293	2126600	2128000
2.68293	2128000	2129400
2.68293	2129400	2130800
2.68393	2130800	2132200
2.68393	2132200	2133600
2.68393	2133600	2135000
2.68393	2135000	2136400
2.68493	2136400	2137800
2.70993	2137800	2139200
2.70993	2139200	2140600
2.70993	2140600	2142000
2.70993	2142000	2143400
2.70993	2143400	2144800
2.70993	2144800	2146200
2.70993	2146200	2147600
2.70993	2147600	2149000
2.70993	2149000	2150400
2.70993	2150400	2151800
2.71093	2151800	2153200
2.71093	2153200	2154600
2.71093	2154600	2156000
2.71093	2156000	2157400
2.71093	2157400	2158800
2.71093	2158800	2160200
2.71093	2160200	2161600
2.71093	2161600	2163000
2.71093	2163000	2164400
2.71093	2164400	2165800
2.71193	2165800	2167200
2.71193	2167200	2168600
2.71193	2168600	2170000
2.71293	2170000	2171400
2.71293	2171400	2172800
2.71293	2172800	2174200
2.71293	2174200	2175600
2.71593	2175600	2177000
2.71593	2177000	2178400
2.71593	2178400	2179800
2.71593	2179800	2181200
2.71593	2181200	2182600
2.71593	2182600	2184000
2.71593	2184000	2185400
2.71593	2185400	2186800
2.71593	2186800	2188200
2.71593	2188200	2189600
2.71693	2189600	2191000
2.71693	2191000	2192400
2.71693	2192400	2193800
2.71793	2193800	2195200
2.71793	2195200	2196600
2.71793	2196600	2198000
2.71893	2198000	2199400
2.71893	2199400	2200800
2.71893	2200800	2202200
2.71893	2202200	2203600
2.71993	2203600	2205000
2.74593	2205000	2206400
2.74593	2206400	2207800
2.74593	2207800	2209200
2.74593	2209200	2210600
2.74593	2210600	2212000
2.74593	2212000	2213400
2.74593	2213400	2214800
2.74593	2214800	2216200
2.74593	2216200	2217600
2.74593	2217600	2219000
2.74693	2219000	2220400
2.74693	2220400	2221800
2.74693	2221800	2223200
2.74693	2223200	2224600
2.74693	2224600	2226000
2.74693	2226000	2227400
2.74693	2227400	2228800
2.74793	2228800	2230200
2.74793	2230200	2231600
2.74793	2231600	2233000
2.74893	2233000	2234400
2.74893	2234400	2235800
2.74893	2235800	2237200
2.74993	2237200	2238600
2.74993	2238600	2240000
2.74993	2240000	2241400
2.74993	2241400	2242800
2.75093	2242800	2244200
2.75093	2244200	2245600
2.75093	2245600	2247000
2.75193	2247000	2248400
2.75193	2248400	2249800
2.75193	2249800	2251200
2.75293	2251200	2252600
2.75293	2252600	2254000
2.75293	2254000	2255400
2.75293	2255400	2256800
2.75393	2256800	2258200
2.75393	2258200	2259600
2.75393	2259600	2261000
2.75493	2261000	2262400
2.75493	2262400	2263800
2.75493	2263800	2265200
2.75593	2265200	2266600
2.75593	2266600	2268000
2.75593	2268000	2269400
2.75593	2269400	2270800
2.75693	2270800	2272200
2.78193	2272200	2273600
2.78193	2273600	2275000
2.78193	2275000	2276400
2.78193	2276400	2277800
2.78193	2277800	2279200
2.78193	2279200	2280600
2.78193	2280600	2282000
2.78193	2282000	2283400
2.78193	2283400	2284800
2.78193	2284800	2286200
2.78293	2286200	2287600
2.78293	2287600	2289000
2.78293	2289000	2290400
2.78293	2290400	2291800
2.78293	2291800	2293200
2.78293	2293200	2294600
2.78293	2294600	2296000
2.78293	2296000	2297400
2.78293	2297400	2298800
2.78293	2298800	2300200
2.78393	2300200	2301600
2.78393	2301600	2303000
2.78393	2303000	2304400
2.78493	2304400	2305800
2.78493	2305800	2307200
2.78493	2307200	2308600
2.78493	2308600	2310000
2.78793	2310000	2311400
2.78793	2311400	2312800
2.78793	2312800	2314200
2.78793	2314200	2315600
2.78793	2315600	2317000
2.78793	2317000	2318400
2.78793	2318400	2319800
2.78793	2319800	2321200
2.78793	2321200	2322600
2.78793	2322600	2324000
2.78893	2324000	2325400
2.78893	2325400	2326800
2.78893	2326800	2328200
2.78993	2328200	2329600
2.78993	2329600	2331000
2.78993	2331000	2332400
2.79093	2332400	2333800
2.79093	2333800	2335200
2.79093	2335200	2336600
2.79093	2336600	2338000
2.79193	2338000	2339400
2.81793	2339400	2340800
2.81793	2340800	2342200
2.81793	2342200	2343600
2.81793	2343600	2345000
2.81793	2345000	2346400
2.81793	2346400	2347800
2.81793	2347800	2349200
2.81793	2349200	2350600
2.81793	2350600	2352000
2.81793	2352000	2353400
2.81893	2353400	2354800
2.81893	2354800	2356200
2.81893	2356200	2357600
2.81893	2357600	2359000
2.81893	2359000	2360400
2.81893	2360400	2361800
2.81893	2361800	2363200
2.81993	2363200	2364600
2.81993	2364600	2366000
2.81993	2366000	2367400
2.82093	2367400	2368800
2.82093	2368800	2370200
2.82093	2370200	2371600
2.82193	2371600	2373000
2.82193	2373000	2374400
2.82193	2374400	2375800
2.82193	2375800	2377200
2.82293	2377200	2378600
2.82293	2378600	2380000
2.82293	2380000	2381400
2.82393	2381400	2382800
2.82393	2382800	2384200
2.82393	2384200	2385600
2.82493	2385600	2387000
2.82493	2387000	2388400
2.82493	2388400	2389800
2.82493	2389800	2391200
2.82593	2391200	2392600
2.82593	2392600	2394000
2.82593	2394000	2395400
2.82693	2395400	2396800
2.82693	2396800	2398200
2.82693	2398200	2399600
2.82793	2399600	2401000
2.82793	2401000	2402400
2.82793	2402400	2403800
2.82793	2403800	2405200
2.82893	2405200	2406600
2.85393	2406600	2408000
2.85393	2408000	2409400
2.85393	2409400	2410800
2.85393	2410800	2412200
2.85393	2412200	2413600
2.85393	2413600	2415000
2.85393	2415000	2416400
2.85393	2416400	2417800
2.85393	2417800	2419200
2.85393	2419200	2420600
2.85393	2420600	2422000
2.85393	2422000	2423400
2.85393	2423400	2424800
2.85393	2424800	2426200
2.85393	2426200	2427600
2.85393	2427600	2429000
2.85393	2429000	2430400
2.85493	2430400	2431800
2.85493	2431800	2433200
2.85493	2433200	2434600
2.85593	2434600	2436000
2.85593	2436000	2437400
2.85593	2437400	2438800
2.85993	2438800	2440200
2.85993	2440200	2441600
2.85993	2441600	2443000
2.85993	2443000	2444400
2.85993	2444400	2445800
2.85993	2445800	2447200
2.85993	2447200	2448600
2.85993	2448600	2450000
2.85993	2450000	2451400
2.85993	2451400	2452800
2.86093	2452800	2454200
2.86093	2454200	2455600
2.86093	2455600	2457000
2.86093	2457000	2458400
2.86093	2458400	2459800
2.86093	2459800	2461200
2.86093	2461200	2462600
2.86193	2462600	2464000
2.86193	2464000	2465400
2.86193	2465400	2466800
2.86293	2466800	2468200
2.86293	2468200	2469600
2.86293	2469600	2471000
2.86293	2471000	2472400
2.86393	2472400	2473800
2.88993	2473800	2475200
2.88993	2475200	2476600
2.88993	2476600	2478000
2.88993	2478000	2479400
2.88993	2479400	2480800
2.88993	2480800	2482200
2.88993	2482200	2483600
2.88993	2483600	2485000
2.88993	2485000	2486400
2.88993	2486400	2487800
2.88993	2487800	2489200
2.88993	2489200	2490600
2.88993	2490600	2492000
2.89093	2492000	2493400
2.89093	2493400	2494800
2.89093	2494800	2496200
2.89093	2496200	2497600
2.89193	2497600	2499000
2.89193	2499000	2500400
2.89193	2500400	2501800
2.89593	2501800	2503200
2.89593	2503200	2504600
2.89593	2504600	2506000
2.89593	2506000	2507400
2.89593	2507400	2508800
2.89593	2508800	2510200
2.89593	2510200	2511600
2.89593	2511600	2513000
2.89593	2513000	2514400
2.89593	2514400	2515800
2.89593	2515800	2517200
2.89593	2517200	2518600
2.89593	2518600	2520000
2.89693	2520000	2521400
2.89693	2521400	2522800
2.89693	2522800	2524200
2.89693	2524200	2525600
2.89793	2525600	2527000
2.89793	2527000	2528400
2.89793	2528400	2529800
2.89893	2529800	2531200
2.89893	2531200	2532600
2.89893	2532600	2534000
2.89993	2534000	2535400
2.89993	2535400	2536800
2.89993	2536800	2538200
2.89993	2538200	2539600
2.90093	2539600	2541000
2.92593	2541000	2542400
2.92593	2542400	2543800
2.92593	2543800	2545200
2.92593	2545200	2546600
2.92593	2546600	2548000
2.92593	2548000	2549400
2.92593	2549400	2550800
2.92593	2550800	2552200
2.92593	2552200	2553600
2.92593	2553600	2555000
2.92593	2555000	2556400
2.92593	2556400	2557800
2.92593	2557800	2559200
2.92593	2559200	2560600
2.92593	2560600	2562000
2.92593	2562000	2563400
2.92593	2563400	2564800
2.92693	2564800	2566200
2.92693	2566200	2567600
2.92693	2567600	2569000
2.92793	2569000	2570400
2.92793	2570400	2571800
2.92793	2571800	2573200
2.93193	2573200	2574600
2.93193	2574600	2576000
2.93193	2576000	2577400
2.93193	2577400	2578800
2.93193	2578800	2580200
2.93193	2580200	2581600
2.93193	2581600	2583000
2.93193	2583000	2584400
2.93193	2584400	2585800
2.93193	2585800	2587200
2.93193	2587200	2588600
2.93193	2588600	2590000
2.93193	2590000	2591400
2.93193	2591400	2592800
2.93293	2592800	2594200
2.93293	2594200	2595600
2.93293	2595600	2597000
2.93393	2597000	2598400
2.93393	2598400	2599800
2.93393	2599800	2601200
2.93493	2601200	2602600
2.93493	2602600	2604000
2.93493	2604000	2605400
2.93493	2605400	2606800
2.93593	2606800	2608200
2.96193	2608200	2609600
2.96193	2609600	2611000
2.96193	2611000	2612400
2.96193	2612400	2613800
2.96193	2613800	2615200
2.96193	2615200	2616600
2.96193	2616600	2618000
2.96193	2618000	2619400
2.96193	2619400	2620800
2.96193	2620800	2622200
2.96193	2622200	2623600
2.96193	2623600	2625000
2.96193	2625000	2626400
2.96293	2626400	2627800
2.96293	2627800	2629200
2.96293	2629200	2630600
2.96293	2630600	2632000
2.96393	2632000	2633400
2.96393	2633400	2634800
2.96393	2634800	2636200
2.96793	2636200	2637600
2.96793	2637600	2639000
2.96793	2639000	2640400
2.96793	2640400	2641800
2.96793	2641800	2643200
2.96793	2643200	2644600
2.96793	2644600	2646000
2.96793	2646000	2647400
2.96793	2647400	2648800
2.96793	2648800	2650200
2.96793	2650200	2651600
2.96793	2651600	2653000
2.96793	2653000	2654400
2.96893	2654400	2655800
2.96893	2655800	2657200
2.96893	2657200	2658600
2.96893	2658600	2660000
2.96993	2660000	2661400
2.96993	2661400	2662800
2.96993	2662800	2664200
2.97093	2664200	2665600
2.97093	2665600	2667000
2.97093	2667000	2668400
2.97193	2668400	2669800
2.97193	2669800	2671200
2.97193	2671200	2672600
2.97193	2672600	2674000
2.97293	2674000	2675400
2.99793	2675400	2676800
2.99793	2676800	2678200
2.99793	2678200	2679600
2.99793	2679600	2681000
2.99793	2681000	2682400
2.99793	2682400	2683800
2.99793	2683800	2685200
2.99793	2685200	2686600
2.99793	2686600	2688000
2.99793	2688000	2689400
2.99793	2689400	2690800
2.99793	2690800	2692200
2.99793	2692200	2693600
2.99793	2693600	2695000
2.99793	2695000	2696400
2.99793	2696400	2697800
2.99793	2697800	2699200
2.99893	2699200	2700600
2.99893	2700600	2702000
2.99893	2702000	2703400
2.99993	2703400	2704800
2.99993	2704800	2706200
2.99993	2706200	2707600
3.00393	2707600	2709000
3.00393	2709000	2710400
3.00393	2710400	2711800
3.00393	2711800	2713200
3.00393	2713200	2714600
3.00393	2714600	2716000
3.00393	2716000	2717400
3.00393	2717400	2718800
3.00393	2718800	2720200
3.00393	2720200	2721600
3.00393	2721600	2723000
3.00393	2723000	2724400
3.00393	2724400	2725800
3.00393	2725800	2727200
3.00493	2727200	2728600
3.00493	2728600	2730000
3.00493	2730000	2731400
3.00593	2731400	2732800
3.00593	2732800	2734200
3.00593	2734200	2735600
3.00693	2735600	2737000
3.00693	2737000	2738400
3.00693	2738400	2739800
3.00693	2739800	2741200
3.00793	2741200	2742600
3.03393	2742600	2744000
3.03393	2744000	2745400
3.03393	2745400	2746800
3.03393	2746800	2748200
3.03393	2748200	2749600
3.03393	2749600	2751000
3.03393	2751000	2752400
3.03393	2752400	2753800
3.03393	2753800	2755200
3.03393	2755200	2756600
3.03493	2756600	2758000
3.03493	2758000	2759400
3.03493	2759400	2760800
3.03493	2760800	2762200
3.03493	2762200	2763600
3.03493	2763600	2765000
3.03493	2765000	2766400
3.03593	2766400	2767800
3.03593	2767800	2769200
3.03593	2769200	2770600
3.03693	2770600	2772000
3.03693	2772000	2773400
3.03693	2773400	2774800
3.03793	2774800	2776200
3.03793	2776200	2777600
3.03793	2777600	2779000
3.03793	2779000	2780400
3.03893	2780400	2781800
3.03893	2781800	2783200
3.03893	2783200	2784600
3.03993	2784600	2786000
3.03993	2786000	2787400
3.03993	2787400	2788800
3.04093	2788800	2790200
3.04093	2790200	2791600
3.04093	2791600	2793000
3.04093	2793000	2794400
3.04193	2794400	2795800
3.04193	2795800	2797200
3.04193	2797200	2798600
3.04293	2798600	2800000
3.04293	2800000	2801400
3.04293	2801400	2802800
3.04393	2802800	2804200
3.04393	2804200	2805600
3.04393	2805600	2807000
3.04393	2807000	2808400
3.04493	2808400	2809800
3.06993	2809800	2811200
3.06993	2811200	2812600
3.06993	2812600	2814000
3.06993	2814000	2815400
3.06993	2815400	2816800
3.06993	2816800	2818200
3.06993	2818200	2819600
3.06993	2819600	2821000
3.06993	2821000	2822400
3.06993	2822400	2823800
3.07093	2823800	2825200
3.07093	2825200	2826600
3.07093	2826600	2828000
3.07093	2828000	2829400
3.07093	2829400	2830800
3.07093	2830800	2832200
3.07093	2832200	2833600
3.07093	2833600	2835000
3.07093	2835000	2836400
3.07093	2836400	2837800
3.07193	2837800	2839200
3.07193	2839200	2840600
3.07193	2840600	2842000
3.07293	2842000	2843400
3.07293	2843400	2844800
3.07293	2844800	2846200
3.07293	2846200	2847600
3.07593	2847600	2849000
3.07593	2849000	2850400
3.07593	2850400	2851800
3.07593	2851800	2853200
3.07593	2853200	2854600
3.07593	2854600	2856000
3.07593	2856000	2857400
3.07593	2857400	2858800
3.07593	2858800	2860200
3.07593	2860200	2861600
3.07693	2861600	2863000
3.07693	2863000	2864400
3.07693	2864400	2865800
3.07793	2865800	2867200
3.07793	2867200	2868600
3.07793	2868600	2870000
3.07893	2870000	2871400
3.07893	2871400	2872800
3.07893	2872800	2874200
3.07893	2874200	2875600
3.07993	2875600	2877000
3.10593	2877000	2878400
3.10593	2878400	2879800
3.10593	2879800	2881200
3.10593	2881200	2882600
3.10593	2882600	2884000
3.10593	2884000	2885400
3.10593	2885400	2886800
3.10593	2886800	2888200
3.10593	2888200	2889600
3.10593	2889600	2891000
3.10693	2891000	2892400
3.10693	2892400	2893800
3.10693	2893800	2895200
3.10693	2895200	2896600
3.10693	2896600	2898000
3.10693	2898000	2899400
3.10693	2899400	2900800
3.10793	2900800	2902200
3.10793	2902200	2903600
3.10793	2903600	2905000
3.10893	2905000	2906400
3.10893	2906400	2907800
3.10893	2907800	2909200
3.10993	2909200	2910600
3.10993	2910600	2912000
3.10993	2912000	2913400
3.10993	2913400	2914800
3.11093	2914800	2916200
3.11093	2916200	2917600
3.11093	2917600	2919000
3.11193	2919000	2920400
3.11193	2920400	2921800
3.11193	2921800	2923200
3.11293	2923200	2924600
3.11293	2924600	2926000
3.11293	2926000	2927400
3.11293	2927400	2928800
3.11393	2928800	2930200
3.11393	2930200	2931600
3.11393	2931600	2933000
3.11493	2933000	2934400
3.11493	2934400	2935800
3.11493	2935800	2937200
3.11593	2937200	2938600
3.11593	2938600	2940000
3.11593	2940000	2941400
3.11593	2941400	2942800
3.11693	2942800	2944200
3.14193	2944200	2945600
3.14193	2945600	2947000
3.14193	2947000	2948400
3.14193	2948400	2949800
3.14193	2949800	2951200
3.14193	2951200	2952600
3.14193	2952600	2954000
3.14193	2954000	2955400
3.14193	2955400	2956800
3.14193	2956800	2958200
3.14293	2958200	2959600
3.14293	2959600	2961000
3.14293	2961000	2962400
3.14293	2962400	2963800
3.14293	2963800	2965200
3.14293	2965200	2966600
3.14293	2966600	2968000
3.14293	2968000	2969400
3.14293	2969400	2970800
3.14293	2970800	2972200
3.14393	2972200	2973600
3.14393	2973600	2975000
3.14393	2975000	2976400
3.14493	2976400	2977800
3.14493	2977800	2979200
3.14493	2979200	2980600
3.14493	2980600	2982000
3.14793	2982000	2983400
3.14793	2983400	2984800
3.14793	2984800	2986200
3.14793	2986200	2987600
3.14793	2987600	2989000
3.14793	2989000	2990400
3.14793	2990400	2991800
3.14793	2991800	2993200
3.14793	2993200	2994600
3.14793	2994600	2996000
3.14893	2996000	2997400
3.14893	2997400	2998800
3.14893	2998800	3000200
3.14993	3000200	3001600
3.14993	3001600	3003000
3.14993	3003000	3004400
3.15093	3004400	3005800
3.15093	3005800	3007200
3.15093	3007200	3008600
3.15093	3008600	3010000
3.15193	3010000	3011400
3.17793	3011400	3012800
3.17793	3012800	3014200
3.17793	3014200	3015600
3.17793	3015600	3017000
3.17793	3017000	3018400
3.17793	3018400	3019800
3.17793	3019800	3021200
3.17793	3021200	3022600
3.17793	3022600	3024000
3.17793	3024000	3025400
3.17893	3025400	3026800
3.17893	3026800	3028200
3.17893	3028200	3029600
3.17893	3029600	3031000
3.17893	3031000	3032400
3.17893	3032400	3033800
3.17893	3033800	3035200
3.17993	3035200	3036600
3.17993	3036600	3038000
3.17993	3038000	3039400
3.18093	3039400	3040800
3.18093	3040800	3042200
3.18093	3042200	3043600
3.18193	3043600	3045000
3.18193	3045000	3046400
3.18193	3046400	3047800
3.18193	3047800	3049200
3.18293	3049200	3050600
3.18293	3050600	3052000
3.18293	3052000	3053400
3.18393	3053400	3054800
3.18393	3054800	3056200
3.18393	3056200	3057600
3.18493	3057600	3059000
3.18493	3059000	3060400
3.18493	3060400	3061800
3.18493	3061800	3063200
3.18593	3063200	3064600
3.18593	3064600	3066000
3.18593	3066000	3067400
3.18693	3067400	3068800
3.18693	3068800	3070200
3.18693	3070200	3071600
3.18793	3071600	3073000
3.18793	3073000	3074400
3.18793	3074400	3075800
3.18793	3075800	3077200
3.18893	3077200	3078600
3.21393	3078600	3080000
3.21393	3080000	3081400
3.21393	3081400	3082800
3.21393	3082800	3084200
3.21393	3084200	3085600
3.21393	3085600	3087000
3.21393	3087000	3088400
3.21393	3088400	3089800
3.21393	3089800	3091200
3.21393	3091200	3092600
3.21393	3092600	3094000
3.21393	3094000	3095400
3.21393	3095400	3096800
3.21393	3096800	3098200
3.21393	3098200	3099600
3.21393	3099600	3101000
3.21393	3101000	3102400
3.21493	3102400	3103800
3.21493	3103800	3105200
3.21493	3105200	3106600
3.21593	3106600	3108000
3.21593	3108000	3109400
3.21593	3109400	3110800
3.21993	3110800	3112200
3.21993	3112200	3113600
3.21993	3113600	3115000
3.21993	3115000	3116400
3.21993	3116400	3117800
3.21993	3117800	3119200
3.21993	3119200	3120600
3.21993	3120600	3122000
3.21993	3122000	3123400
3.21993	3123400	3124800
3.22093	3124800	3126200
3.22093	3126200	3127600
3.22093	3127600	3129000
3.22093	3129000	3130400
3.22093	3130400	3131800
3.22093	3131800	3133200
3.22093	3133200	3134600
3.22193	3134600	3136000
3.22193	3136000	3137400
3.22193	3137400	3138800
3.22293	3138800	3140200
3.22293	3140200	3141600
3.22293	3141600	3143000
3.22293	3143000	3144400
3.22393	3144400	3145800
3.24993	3145800	3147200
3.24993	3147200	3148600
3.24993	3148600	3150000
3.24993	3150000	3151400
3.24993	3151400	3152800
3.24993	3152800	3154200
3.24993	3154200	3155600
3.24993	3155600	3157000
3.24993	3157000	3158400
3.24993	3158400	3159800
3.24993	3159800	3161200
3.24993	3161200	3162600
3.24993	3162600	3164000
3.25093	3164000	3165400
3.25093	3165400	3166800
3.25093	3166800	3168200
3.25093	3168200	3169600
3.25193	3169600	3171000
3.25193	3171000	3172400
3.25193	3172400	3173800
3.25593	3173800	3175200
3.25593	3175200	3176600
3.25593	3176600	3178000
3.25593	3178000	3179400
3.25593	3179400	3180800
3.25593	3180800	3182200
3.25593	3182200	3183600
3.25593	3183600	3185000
3.25593	3185000	3186400
3.25593	3186400	3187800
3.25593	3187800	3189200
3.25593	3189200	3190600
3.25593	3190600	3192000
3.25693	3192000	3193400
3.25693	3193400	3194800
3.25693	3194800	3196200
3.25693	3196200	3197600
3.25793	3197600	3199000
3.25793	3199000	3200400
3.25793	3200400	3201800
3.25893	3201800	3203200
3.25893	3203200	3204600
3.25893	3204600	3206000
3.25993	3206000	3207400
3.25993	3207400	3208800
3.25993	3208800	3210200
3.25993	3210200	3211600
3.26093	3211600	3213000
3.28593	3213000	3214400
3.28593	3214400	3215800
3.28593	3215800	3217200
3.28593	3217200	3218600
3.28593	3218600	3220000
3.28593	3220000	3221400
3.28593	3221400	3222800
3.28593	3222800	3224200
3.28593	3224200	3225600
3.28593	3225600	3227000
3.28593	3227000	3228400
3.28593	3228400	3229800
3.28593	3229800	3231200
3.28593	3231200	3232600
3.28593	3232600	3234000
3.28593	3234000	3235400
3.28593	3235400	3236800
3.28693	3236800	3238200
3.28693	3238200	3239600
3.28693	3239600	3241000
3.28793	3241000	3242400
3.28793	3242400	3243800
3.28793	3243800	3245200
3.29193	3245200	3246600
3.29193	3246600	3248000
3.29193	3248000	3249400
3.29193	3249400	3250800
3.29193	3250800	3252200
3.29193	3252200	3253600
3.29193	3253600	3255000
3.29193	3255000	3256400
3.29193	3256400	3257800
3.29193	3257800	3259200
3.29193	3259200	3260600
3.29193	3260600	3262000
3.29193	3262000	3263400
3.29193	3263400	3264800
3.29293	3264800	3266200
3.29293	3266200	3267600
3.29293	3267600	3269000
3.29393	3269000	3270400
3.29393	3270400	3271800
3.29393	3271800	3273200
3.29493	3273200	3274600
3.29493	3274600	3276000
3.29493	3276000	3277400
3.29493	3277400	3278800
3.29593	3278800	3280200
3.32193	3280200	3281600
3.32193	3281600	3283000
3.32193	3283000	3284400
3.32193	3284400	3285800
3.32193	3285800	3287200
3.32193	3287200	3288600
3.32193	3288600	3290000
3.32193	3290000	3291400
3.32193	3291400	3292800
3.32193	3292800	3294200
3.32193	3294200	3295600
3.32193	3295600	3297000
3.32193	3297000	3298400
3.32293	3298400	3299800
3.32293	3299800	3301200
3.32293	3301200	3302600
3.32293	3302600	3304000
3.32393	3304000	3305400
3.32393	3305400	3306800
3.32393	3306800	3308200
3.32793	3308200	3309600
3.32793	3309600	3311000
3.32793	3311000	3312400
3.32793	3312400	3313800
3.32793	3313800	3315200
3.32793	3315200	3316600
3.32793	3316600	3318000
3.32793	3318000	3319400
3.32793	3319400	3320800
3.32793	3320800	3322200
3.32793	3322200	3323600
3.32793	3323600	3325000
3.32793	3325000	3326400
3.32893	3326400	3327800
3.32893	3327800	3329200
3.32893	3329200	3330600
3.32893	3330600	3332000
3.32993	3332000	3333400
3.32993	3333400	3334800
3.32993	3334800	3336200
3.33093	3336200	3337600
3.33093	3337600	3339000
3.33093	3339000	3340400
3.33193	3340400	3341800
3.33193	3341800	3343200
3.33193	3343200	3344600
3.33193	3344600	3346000
3.33293	3346000	3347400
3.36493	3347400	3348800
3.36493	3348800	3350200
3.36493	3350200	3351600
3.36493	3351600	3353000
3.36493	3353000	3354400
3.36493	3354400	3355800
3.36493	3355800	3357200
3.36493	3357200	3358600
3.36493	3358600	3360000
3.36493	3360000	3361400
3.36493	3361400	3362800
3.36493	3362800	3364200
3.36493	3364200	3365600
3.36493	3365600	3367000
3.36493	3367000	3368400
3.36493	3368400	3369800
3.36493	3369800	3371200
3.36493	3371200	3372600
3.36493	3372600	3374000
3.36593	3374000	3375400
3.36593	3375400	3376800
3.36593	3376800	3378200
3.36593	3378200	3379600
3.36593	3379600	3381000
3.36593	3381000	3382400
3.36593	3382400	3383800
3.36593	3383800	3385200
3.36593	3385200	3386600
3.36593	3386600	3388000
3.36593	3388000	3389400
3.36593	3389400	3390800
3.36593	3390800	3392200
3.36593	3392200	3393600
3.36593	3393600	3395000
3.36593	3395000	3396400
3.36593	3396400	3397800
3.36593	3397800	3399200
3.36593	3399200	3400600
3.36593	3400600	3402000
3.36693	3402000	3403400
3.36693	3403400	3404800
3.36693	3404800	3406200
3.36693	3406200	3407600
3.36793	3407600	3409000
3.36793	3409000	3410400
3.36793	3410400	3411800
3.36893	3411800	3413200
3.36893	3413200	3414600
4.36893	3414600	1400
