% time	cellId	IMSI	frame	sframe	RNTI	mcs	size
1.019	1	1	102	10	1	2	573
1.019	2	1	102	10	1	2	573
1.054	1	1	106	5	1	2	573
1.054	2	1	106	5	1	2	573
1.089	1	1	109	10	1	2	573
1.089	2	1	109	10	1	2	573
1.124	1	1	113	5	1	2	573
1.124	2	1	113	5	1	2	573
1.159	1	1	116	10	1	2	573
1.159	2	1	116	10	1	2	573
1.194	1	1	120	5	1	2	573
1.194	2	1	120	5	1	2	573
1.229	1	1	123	10	1	2	573
1.229	2	1	123	10	1	2	573
1.23	1	1	124	1	1	2	573
1.23	2	1	124	1	1	2	573
1.264	1	1	127	5	1	2	573
1.264	2	1	127	5	1	2	573
1.265	1	1	127	6	1	2	573
1.265	2	1	127	6	1	2	573
1.299	1	1	130	10	1	2	573
1.299	2	1	130	10	1	2	573
1.3	1	1	131	1	1	2	573
1.3	2	1	131	1	1	2	573
1.301	1	1	131	2	1	2	573
1.301	2	1	131	2	1	2	573
1.334	1	1	134	5	1	2	573
1.334	2	1	134	5	1	2	573
1.335	1	1	134	6	1	2	573
1.335	2	1	134	6	1	2	573
1.336	1	1	134	7	1	2	573
1.336	2	1	134	7	1	2	573
1.337	1	1	134	8	1	2	573
1.337	2	1	134	8	1	2	573
1.338	1	1	134	9	1	2	573
1.338	2	1	134	9	1	2	573
1.339	1	1	134	10	1	2	573
1.358	1	1	136	9	1	28	9422
1.363	1	1	137	4	1	2	573
1.369	1	1	137	10	1	28	9422
1.369	2	1	137	10	1	2	573
1.37	1	1	138	1	1	28	9422
1.37	2	1	138	1	1	2	573
1.371	1	1	138	2	1	28	9422
1.371	2	1	138	2	1	2	573
1.372	1	1	138	3	1	28	9422
1.372	2	1	138	3	1	2	573
1.373	1	1	138	4	1	28	9422
1.373	2	1	138	4	1	2	573
1.374	1	1	138	5	1	28	9422
1.374	2	1	138	5	1	2	573
1.375	1	1	138	6	1	28	9422
1.375	2	1	138	6	1	2	573
1.376	1	1	138	7	1	28	9422
1.395	1	1	140	6	1	2	573
1.396	1	1	140	7	1	2	573
1.397	1	1	140	8	1	2	573
1.398	1	1	140	9	1	2	573
1.398	2	1	140	9	1	2	573
1.399	1	1	140	10	1	2	573
1.399	2	1	140	10	1	2	573
1.4	1	1	141	1	1	2	573
1.4	2	1	141	1	1	2	573
1.401	1	1	141	2	1	2	573
1.402	1	1	141	3	1	28	9422
1.42	1	1	143	1	1	28	9422
1.423	1	1	143	4	1	28	9422
1.44	1	1	145	1	1	28	9422
1.451	1	1	146	2	1	2	573
1.455	1	1	146	6	1	2	573
1.455	2	1	146	6	1	2	573
1.456	1	1	146	7	1	2	573
1.456	2	1	146	7	1	2	573
1.457	1	1	146	8	1	2	573
1.457	2	1	146	8	1	2	573
1.458	1	1	146	9	1	28	9422
1.458	2	1	146	9	1	2	573
1.459	1	1	146	10	1	28	9422
1.459	2	1	146	10	1	2	573
1.46	1	1	147	1	1	28	9422
1.46	2	1	147	1	1	2	573
1.461	1	1	147	2	1	28	9422
1.461	2	1	147	2	1	2	573
1.462	1	1	147	3	1	2	573
1.462	2	1	147	3	1	2	573
1.463	1	1	147	4	1	28	9422
1.464	1	1	147	5	1	28	9422
1.465	1	1	147	6	1	28	9422
1.466	1	1	147	7	1	28	9422
1.486	1	1	149	7	1	2	573
1.486	2	1	149	7	1	2	573
1.487	1	1	149	8	1	2	573
1.488	1	1	149	9	1	2	573
1.489	1	1	149	10	1	2	573
1.49	1	1	150	1	1	2	573
1.494	1	1	150	5	1	28	9422
1.495	1	1	150	6	1	28	9422
1.496	1	1	150	7	1	28	9422
1.497	1	1	150	8	1	28	9422
1.498	1	1	150	9	1	28	9422
1.499	1	1	150	10	1	28	9422
1.5	1	1	151	1	1	28	9422
1.501	1	1	151	2	1	28	9422
1.502	1	1	151	3	1	28	9422
1.503	1	1	151	4	1	28	9422
1.504	1	1	151	5	1	28	9422
1.504	2	1	151	5	1	2	573
1.505	1	1	151	6	1	28	9422
1.505	2	1	151	6	1	2	573
1.506	1	1	151	7	1	28	9422
1.506	2	1	151	7	1	2	573
1.507	1	1	151	8	1	28	9422
1.507	2	1	151	8	1	2	573
1.508	1	1	151	9	1	28	9422
1.508	2	1	151	9	1	2	573
1.528	1	1	153	9	1	2	573
1.529	1	1	153	10	1	2	573
1.53	1	1	154	1	1	2	573
1.533	1	1	154	4	1	2	573
1.533	2	1	154	4	1	2	573
1.534	1	1	154	5	1	2	573
1.534	2	1	154	5	1	2	573
1.535	1	1	154	6	1	28	9422
1.535	2	1	154	6	1	2	573
1.536	1	1	154	7	1	28	9422
1.536	2	1	154	7	1	2	573
1.537	1	1	154	8	1	28	9422
1.537	2	1	154	8	1	2	573
1.538	1	1	154	9	1	28	9422
1.538	2	1	154	9	1	2	573
1.539	1	1	154	10	1	28	9422
1.539	2	1	154	10	1	2	573
1.54	1	1	155	1	1	2	573
1.54	2	1	155	1	1	2	573
1.541	1	1	155	2	1	28	9422
1.542	1	1	155	3	1	28	9422
1.543	1	1	155	4	1	28	9422
1.544	1	1	155	5	1	28	9422
1.545	1	1	155	6	1	28	9422
1.546	1	1	155	7	1	28	9422
1.547	1	1	155	8	1	28	9422
1.567	1	1	157	8	1	2	573
1.567	2	1	157	8	1	2	573
1.568	1	1	157	9	1	2	573
1.578	1	1	158	9	1	2	573
1.579	1	1	158	10	1	2	573
1.58	1	1	159	1	1	2	573
1.581	1	1	159	2	1	2	573
1.582	1	1	159	3	1	2	573
1.583	1	1	159	4	1	2	573
1.584	1	1	159	5	1	2	573
1.585	1	1	159	6	1	28	9422
1.585	2	1	159	6	1	2	573
1.586	1	1	159	7	1	28	9422
1.586	2	1	159	7	1	2	573
1.587	1	1	159	8	1	28	9422
1.587	2	1	159	8	1	2	573
1.588	1	1	159	9	1	28	9422
1.588	2	1	159	9	1	2	573
1.589	1	1	159	10	1	28	9422
1.589	2	1	159	10	1	2	573
1.59	1	1	160	1	1	28	9422
1.59	2	1	160	1	1	2	573
1.591	1	1	160	2	1	28	9422
1.591	2	1	160	2	1	2	573
1.592	1	1	160	3	1	28	9422
1.592	2	1	160	3	1	2	573
1.593	1	1	160	4	1	2	573
1.594	1	1	160	5	1	2	573
1.595	1	1	160	6	1	2	573
1.596	1	1	160	7	1	2	573
1.597	1	1	160	8	1	2	573
1.598	1	1	160	9	1	2	573
1.612	1	1	162	3	1	2	573
1.613	1	1	162	4	1	2	573
1.614	1	1	162	5	1	2	573
1.615	1	1	162	6	1	2	573
1.616	1	1	162	7	1	2	573
1.617	1	1	162	8	1	2	573
1.617	2	1	162	8	1	2	573
1.618	1	1	162	9	1	2	573
1.618	2	1	162	9	1	2	573
1.619	1	1	162	10	1	28	9422
1.619	2	1	162	10	1	2	573
1.62	1	1	163	1	1	28	9422
1.62	2	1	163	1	1	2	573
1.621	1	1	163	2	1	28	9422
1.621	2	1	163	2	1	2	573
1.622	1	1	163	3	1	28	9422
1.622	2	1	163	3	1	2	573
1.623	1	1	163	4	1	28	9422
1.623	2	1	163	4	1	2	573
1.624	1	1	163	5	1	2	573
1.624	2	1	163	5	1	2	573
1.625	1	1	163	6	1	28	9422
1.626	1	1	163	7	1	28	9422
1.627	1	1	163	8	1	28	9422
1.628	1	1	163	9	1	28	9422
1.629	1	1	163	10	1	28	9422
1.63	1	1	164	1	1	28	9422
1.65	2	1	166	1	1	2	573
1.66	1	1	167	1	1	2	573
1.661	1	1	167	2	1	2	573
1.662	1	1	167	3	1	2	573
1.663	1	1	167	4	1	2	573
1.664	1	1	167	5	1	2	573
1.665	1	1	167	6	1	2	573
1.666	1	1	167	7	1	2	573
1.667	1	1	167	8	1	28	9422
1.668	1	1	167	9	1	28	9422
1.668	2	1	167	9	1	28	9422
1.669	1	1	167	10	1	28	9422
1.669	2	1	167	10	1	28	9422
1.67	1	1	168	1	1	28	9422
1.67	2	1	168	1	1	28	9422
1.671	1	1	168	2	1	28	9422
1.671	2	1	168	2	1	28	9422
1.672	1	1	168	3	1	28	9422
1.672	2	1	168	3	1	28	9422
1.673	1	1	168	4	1	28	9422
1.673	2	1	168	4	1	28	9422
1.674	1	1	168	5	1	28	9422
1.674	2	1	168	5	1	28	9422
1.694	1	1	170	5	1	2	573
1.695	1	1	170	6	1	2	573
1.696	1	1	170	7	1	2	573
1.697	1	1	170	8	1	2	573
1.698	1	1	170	9	1	2	573
1.699	1	1	170	10	1	2	573
1.699	2	1	170	10	1	2	573
1.7	1	1	171	1	1	2	573
1.7	2	1	171	1	1	2	573
1.701	1	1	171	2	1	28	9422
1.701	2	1	171	2	1	2	573
1.702	1	1	171	3	1	28	9422
1.702	2	1	171	3	1	2	573
1.703	1	1	171	4	1	28	9422
1.703	2	1	171	4	1	2	573
1.704	1	1	171	5	1	28	9422
1.704	2	1	171	5	1	2	573
1.705	1	1	171	6	1	28	9422
1.705	2	1	171	6	1	2	573
1.706	1	1	171	7	1	2	573
1.706	2	1	171	7	1	2	573
1.707	1	1	171	8	1	28	9422
1.708	1	1	171	9	1	28	9422
1.709	1	1	171	10	1	28	9422
1.71	1	1	172	1	1	28	9422
1.711	1	1	172	2	1	28	9422
1.712	1	1	172	3	1	28	9422
1.713	1	1	172	4	1	28	9422
1.733	1	1	174	4	1	2	573
1.733	2	1	174	4	1	2	573
1.734	1	1	174	5	1	2	573
1.744	1	1	175	5	1	2	573
1.745	1	1	175	6	1	2	573
1.746	1	1	175	7	1	2	573
1.747	1	1	175	8	1	2	573
1.748	1	1	175	9	1	2	573
1.749	1	1	175	10	1	2	573
1.75	1	1	176	1	1	2	573
1.751	1	1	176	2	1	28	9422
1.751	2	1	176	2	1	2	573
1.752	1	1	176	3	1	28	9422
1.752	2	1	176	3	1	2	573
1.753	1	1	176	4	1	28	9422
1.753	2	1	176	4	1	2	573
1.754	1	1	176	5	1	28	9422
1.754	2	1	176	5	1	2	573
1.755	1	1	176	6	1	28	9422
1.755	2	1	176	6	1	2	573
1.756	1	1	176	7	1	28	9422
1.756	2	1	176	7	1	2	573
1.757	1	1	176	8	1	28	9422
1.757	2	1	176	8	1	2	573
1.758	1	1	176	9	1	28	9422
1.758	2	1	176	9	1	2	573
1.759	1	1	176	10	1	2	573
1.76	1	1	177	1	1	2	573
1.761	1	1	177	2	1	2	573
1.762	1	1	177	3	1	2	573
1.763	1	1	177	4	1	2	573
1.764	1	1	177	5	1	2	573
1.778	1	1	178	9	1	2	573
1.779	1	1	178	10	1	2	573
1.78	1	1	179	1	1	2	573
1.781	1	1	179	2	1	2	573
1.782	1	1	179	3	1	2	573
1.783	1	1	179	4	1	2	573
1.783	2	1	179	4	1	2	573
1.784	1	1	179	5	1	2	573
1.784	2	1	179	5	1	2	573
1.785	1	1	179	6	1	28	9422
1.785	2	1	179	6	1	2	573
1.786	1	1	179	7	1	28	9422
1.786	2	1	179	7	1	2	573
1.787	1	1	179	8	1	28	9422
1.787	2	1	179	8	1	2	573
1.788	1	1	179	9	1	28	9422
1.788	2	1	179	9	1	2	573
1.789	1	1	179	10	1	28	9422
1.789	2	1	179	10	1	2	573
1.79	1	1	180	1	1	2	573
1.79	2	1	180	1	1	2	573
1.791	1	1	180	2	1	28	9422
1.792	1	1	180	3	1	28	9422
1.793	1	1	180	4	1	28	9422
1.794	1	1	180	5	1	28	9422
1.795	1	1	180	6	1	28	9422
1.796	1	1	180	7	1	28	9422
1.816	2	1	182	7	1	2	573
1.826	1	1	183	7	1	2	573
1.827	1	1	183	8	1	2	573
1.828	1	1	183	9	1	2	573
1.829	1	1	183	10	1	2	573
1.83	1	1	184	1	1	2	573
1.831	1	1	184	2	1	2	573
1.832	1	1	184	3	1	2	573
1.833	1	1	184	4	1	28	9422
1.834	1	1	184	5	1	28	9422
1.834	2	1	184	5	1	28	9422
1.835	1	1	184	6	1	28	9422
1.835	2	1	184	6	1	28	9422
1.836	1	1	184	7	1	28	9422
1.836	2	1	184	7	1	28	9422
1.837	1	1	184	8	1	28	9422
1.837	2	1	184	8	1	28	9422
1.838	1	1	184	9	1	28	9422
1.838	2	1	184	9	1	28	9422
1.839	1	1	184	10	1	28	9422
1.839	2	1	184	10	1	28	9422
1.84	1	1	185	1	1	28	9422
1.84	2	1	185	1	1	28	9422
1.86	1	1	187	1	1	2	573
1.861	1	1	187	2	1	2	573
1.862	1	1	187	3	1	2	573
1.863	1	1	187	4	1	2	573
1.864	1	1	187	5	1	2	573
1.865	1	1	187	6	1	2	573
1.865	2	1	187	6	1	2	573
1.866	1	1	187	7	1	2	573
1.866	2	1	187	7	1	2	573
1.867	1	1	187	8	1	28	9422
1.867	2	1	187	8	1	2	573
1.868	1	1	187	9	1	28	9422
1.868	2	1	187	9	1	2	573
1.869	1	1	187	10	1	28	9422
1.869	2	1	187	10	1	2	573
1.87	1	1	188	1	1	28	9422
1.87	2	1	188	1	1	2	573
1.871	1	1	188	2	1	28	9422
1.871	2	1	188	2	1	2	573
1.872	1	1	188	3	1	2	573
1.872	2	1	188	3	1	2	573
1.873	1	1	188	4	1	28	9422
1.874	1	1	188	5	1	28	9422
1.875	1	1	188	6	1	28	9422
1.876	1	1	188	7	1	28	9422
1.877	1	1	188	8	1	28	9422
1.878	1	1	188	9	1	28	9422
1.879	1	1	188	10	1	28	9422
1.899	1	1	190	10	1	2	573
1.899	2	1	190	10	1	2	573
1.9	1	1	191	1	1	2	573
1.91	1	1	192	1	1	2	573
1.911	1	1	192	2	1	2	573
1.912	1	1	192	3	1	2	573
1.913	1	1	192	4	1	2	573
1.914	1	1	192	5	1	2	573
1.915	1	1	192	6	1	2	573
1.916	1	1	192	7	1	2	573
1.917	1	1	192	8	1	28	9422
1.917	2	1	192	8	1	2	573
1.918	1	1	192	9	1	28	9422
1.918	2	1	192	9	1	2	573
1.919	1	1	192	10	1	28	9422
1.919	2	1	192	10	1	2	573
1.92	1	1	193	1	1	28	9422
1.92	2	1	193	1	1	2	573
1.921	1	1	193	2	1	2	573
1.921	2	1	193	2	1	2	573
1.922	1	1	193	3	1	28	9422
1.922	2	1	193	3	1	2	573
1.923	1	1	193	4	1	28	9422
1.923	2	1	193	4	1	2	573
1.924	1	1	193	5	1	28	9422
1.924	2	1	193	5	1	2	573
1.925	1	1	193	6	1	2	573
1.926	1	1	193	7	1	2	573
1.927	1	1	193	8	1	2	573
1.928	1	1	193	9	1	2	573
1.929	1	1	193	10	1	2	573
1.93	1	1	194	1	1	2	573
1.944	1	1	195	5	1	2	573
1.945	1	1	195	6	1	2	573
1.946	1	1	195	7	1	2	573
1.947	1	1	195	8	1	2	573
1.948	1	1	195	9	1	2	573
1.949	1	1	195	10	1	2	573
1.949	2	1	195	10	1	2	573
1.95	1	1	196	1	1	2	573
1.95	2	1	196	1	1	2	573
1.951	1	1	196	2	1	28	9422
1.951	2	1	196	2	1	2	573
1.952	1	1	196	3	1	28	9422
1.952	2	1	196	3	1	2	573
1.953	1	1	196	4	1	28	9422
1.953	2	1	196	4	1	2	573
1.954	1	1	196	5	1	28	9422
1.954	2	1	196	5	1	2	573
1.955	1	1	196	6	1	28	9422
1.955	2	1	196	6	1	2	573
1.956	1	1	196	7	1	2	573
1.956	2	1	196	7	1	2	573
1.957	1	1	196	8	1	28	9422
1.958	1	1	196	9	1	28	9422
1.959	1	1	196	10	1	28	9422
1.96	1	1	197	1	1	28	9422
1.961	1	1	197	2	1	2	573
1.962	1	1	197	3	1	28	9422
1.982	2	1	199	3	1	2	573
1.992	1	1	200	3	1	28	9422
1.993	1	1	200	4	1	28	9422
1.994	1	1	200	5	1	28	9422
1.995	1	1	200	6	1	28	9422
1.996	1	1	200	7	1	28	9422
1.997	1	1	200	8	1	28	9422
1.998	1	1	200	9	1	28	9422
1.999	1	1	200	10	1	28	9422
2	1	1	201	1	1	28	9422
2	2	1	201	1	1	28	9422
2.001	1	1	201	2	1	2	573
2.001	2	1	201	2	1	2	573
2.002	1	1	201	3	1	28	9422
2.002	2	1	201	3	1	2	573
2.003	1	1	201	4	1	28	9422
2.003	2	1	201	4	1	2	573
2.004	1	1	201	5	1	28	9422
2.004	2	1	201	5	1	2	573
2.005	1	1	201	6	1	28	9422
2.005	2	1	201	6	1	2	573
2.006	1	1	201	7	1	28	9422
2.006	2	1	201	7	1	2	573
2.026	1	1	203	7	1	28	9422
2.027	1	1	203	8	1	28	9422
2.031	1	1	204	2	1	28	9422
2.031	2	1	204	2	1	28	9422
2.032	1	1	204	3	1	28	9422
2.032	2	1	204	3	1	28	9422
2.033	1	1	204	4	1	28	9422
2.033	2	1	204	4	1	28	9422
2.034	1	1	204	5	1	28	9422
2.034	2	1	204	5	1	28	9422
2.035	1	1	204	6	1	28	9422
2.035	2	1	204	6	1	28	9422
2.036	1	1	204	7	1	28	9422
2.036	2	1	204	7	1	28	9422
2.037	1	1	204	8	1	28	9422
2.037	2	1	204	8	1	28	9422
2.038	1	1	204	9	1	28	9422
2.038	2	1	204	9	1	28	9422
2.039	1	1	204	10	1	28	9422
2.039	2	1	204	10	1	2	573
2.04	1	1	205	1	1	28	9422
2.041	1	1	205	2	1	2	573
2.042	1	1	205	3	1	28	9422
2.043	1	1	205	4	1	28	9422
2.044	1	1	205	5	1	28	9422
2.045	1	1	205	6	1	28	9422
2.065	1	1	207	6	1	28	9422
2.065	2	1	207	6	1	2	573
2.067	1	1	207	8	1	28	9422
2.072	1	1	208	3	1	28	9422
2.08	1	1	209	1	1	2	573
2.081	1	1	209	2	1	2	573
2.082	1	1	209	3	1	2	573
2.083	1	1	209	4	1	2	573
2.083	2	1	209	4	1	2	573
2.084	1	1	209	5	1	2	573
2.084	2	1	209	5	1	2	573
2.085	1	1	209	6	1	2	573
2.085	2	1	209	6	1	2	573
2.086	1	1	209	7	1	2	573
2.086	2	1	209	7	1	2	573
2.087	1	1	209	8	1	28	9422
2.087	2	1	209	8	1	2	573
2.088	1	1	209	9	1	28	9422
2.088	2	1	209	9	1	2	573
2.089	1	1	209	10	1	28	9422
2.089	2	1	209	10	1	2	573
2.09	1	1	210	1	1	2	573
2.09	2	1	210	1	1	2	573
2.091	1	1	210	2	1	28	9422
2.092	1	1	210	3	1	28	9422
2.093	1	1	210	4	1	28	9422
2.094	1	1	210	5	1	28	9422
2.114	1	1	212	5	1	28	9422
2.114	2	1	212	5	1	2	573
2.115	1	1	212	6	1	28	9422
2.121	1	1	213	2	1	28	9422
2.122	1	1	213	3	1	28	9422
2.123	1	1	213	4	1	28	9422
2.124	1	1	213	5	1	28	9422
2.125	1	1	213	6	1	28	9422
2.126	1	1	213	7	1	28	9422
2.127	1	1	213	8	1	28	9422
2.128	1	1	213	9	1	28	9422
2.129	1	1	213	10	1	28	9422
2.13	1	1	214	1	1	28	9422
2.131	1	1	214	2	1	28	9422
2.132	1	1	214	3	1	28	9422
2.132	2	1	214	3	1	2	573
2.133	1	1	214	4	1	28	9422
2.133	2	1	214	4	1	2	573
2.134	1	1	214	5	1	28	9422
2.134	2	1	214	5	1	2	573
2.135	1	1	214	6	1	28	9422
2.135	2	1	214	6	1	2	573
2.136	1	1	214	7	1	28	9422
2.136	2	1	214	7	1	2	573
2.156	1	1	216	7	1	28	9422
2.157	1	1	216	8	1	28	9422
2.162	2	1	217	3	1	2	573
2.163	1	1	217	4	1	28	9422
2.163	2	1	217	4	1	2	573
2.164	1	1	217	5	1	28	9422
2.164	2	1	217	5	1	2	573
2.165	1	1	217	6	1	28	9422
2.165	2	1	217	6	1	2	573
2.166	1	1	217	7	1	28	9422
2.166	2	1	217	7	1	2	573
2.167	1	1	217	8	1	28	9422
2.167	2	1	217	8	1	2	573
2.168	1	1	217	9	1	28	9422
2.168	2	1	217	9	1	2	573
2.169	1	1	217	10	1	28	9422
2.169	2	1	217	10	1	28	9422
2.17	1	1	218	1	1	28	9422
2.171	1	1	218	2	1	28	9422
2.172	1	1	218	3	1	28	9422
2.173	1	1	218	4	1	28	9422
2.174	1	1	218	5	1	28	9422
2.175	1	1	218	6	1	28	9422
2.176	1	1	218	7	1	28	9422
2.177	1	1	218	8	1	28	9422
2.197	1	1	220	8	1	28	9422
2.197	2	1	220	8	1	28	9422
2.198	1	1	220	9	1	28	9422
2.204	1	1	221	5	1	28	9422
2.204	2	1	221	5	1	28	9422
2.209	1	1	221	10	1	2	573
2.21	1	1	222	1	1	2	573
2.211	1	1	222	2	1	2	573
2.212	1	1	222	3	1	2	573
2.213	1	1	222	4	1	2	573
2.214	1	1	222	5	1	2	573
2.215	1	1	222	6	1	2	573
2.215	2	1	222	6	1	28	9422
2.216	1	1	222	7	1	28	9422
2.216	2	1	222	7	1	28	9422
2.217	1	1	222	8	1	28	9422
2.217	2	1	222	8	1	28	9422
2.218	1	1	222	9	1	28	9422
2.218	2	1	222	9	1	28	9422
2.219	1	1	222	10	1	28	9422
2.219	2	1	222	10	1	28	9422
2.22	1	1	223	1	1	28	9422
2.22	2	1	223	1	1	28	9422
2.221	1	1	223	2	1	28	9422
2.221	2	1	223	2	1	28	9422
2.222	1	1	223	3	1	2	573
2.222	2	1	223	3	1	28	9422
2.223	1	1	223	4	1	28	9422
2.223	2	1	223	4	1	2	573
2.243	1	1	225	4	1	2	573
2.243	2	1	225	4	1	2	573
2.244	1	1	225	5	1	2	573
2.245	1	1	225	6	1	2	573
2.246	1	1	225	7	1	2	573
2.247	1	1	225	8	1	2	573
2.258	1	1	226	9	1	28	9422
2.259	1	1	226	10	1	28	9422
2.26	1	1	227	1	1	28	9422
2.261	1	1	227	2	1	28	9422
2.261	2	1	227	2	1	2	573
2.262	1	1	227	3	1	28	9422
2.262	2	1	227	3	1	2	573
2.263	1	1	227	4	1	28	9422
2.263	2	1	227	4	1	2	573
2.264	1	1	227	5	1	28	9422
2.264	2	1	227	5	1	2	573
2.265	1	1	227	6	1	28	9422
2.265	2	1	227	6	1	2	573
2.266	1	1	227	7	1	28	9422
2.266	2	1	227	7	1	2	573
2.267	1	1	227	8	1	28	9422
2.267	2	1	227	8	1	2	573
2.268	1	1	227	9	1	28	9422
2.268	2	1	227	9	1	2	573
2.269	1	1	227	10	1	28	9422
2.27	1	1	228	1	1	28	9422
2.271	1	1	228	2	1	28	9422
2.272	1	1	228	3	1	28	9422
2.292	1	1	230	3	1	2	573
2.292	2	1	230	3	1	2	573
2.293	1	1	230	4	1	2	573
2.294	1	1	230	5	1	2	573
2.295	1	1	230	6	1	2	573
2.3	1	1	231	1	1	28	9422
2.301	1	1	231	2	1	28	9422
2.302	1	1	231	3	1	28	9422
2.303	1	1	231	4	1	28	9422
2.304	1	1	231	5	1	28	9422
2.305	1	1	231	6	1	28	9422
2.306	1	1	231	7	1	28	9422
2.307	1	1	231	8	1	28	9422
2.308	1	1	231	9	1	28	9422
2.309	1	1	231	10	1	28	9422
2.329	1	1	233	10	1	2	573
2.329	2	1	233	10	1	2	573
2.33	1	1	234	1	1	2	573
2.331	1	1	234	2	1	2	573
2.332	1	1	234	3	1	2	573
2.333	1	1	234	4	1	2	573
2.334	1	1	234	5	1	2	573
2.334	2	1	234	5	1	2	573
2.335	1	1	234	6	1	2	573
2.335	2	1	234	6	1	2	573
2.336	1	1	234	7	1	2	573
2.336	2	1	234	7	1	2	573
2.337	1	1	234	8	1	2	573
2.338	1	1	234	9	1	2	573
2.339	1	1	234	10	1	2	573
2.34	1	1	235	1	1	2	573
2.341	1	1	235	2	1	2	573
2.342	1	1	235	3	1	2	573
2.343	1	1	235	4	1	2	573
2.344	1	1	235	5	1	28	9422
2.345	1	1	235	6	1	28	9422
2.346	1	1	235	7	1	28	9422
2.347	1	1	235	8	1	28	9422
2.347	2	1	235	8	1	2	573
2.348	1	1	235	9	1	28	9422
2.348	2	1	235	9	1	2	573
2.368	1	1	237	9	1	2	573
2.369	1	1	237	10	1	2	573
2.373	1	1	238	4	1	2	573
2.373	2	1	238	4	1	2	573
2.374	1	1	238	5	1	2	573
2.374	2	1	238	5	1	2	573
2.375	1	1	238	6	1	28	9422
2.375	2	1	238	6	1	2	573
2.376	1	1	238	7	1	28	9422
2.376	2	1	238	7	1	2	573
2.377	1	1	238	8	1	28	9422
2.377	2	1	238	8	1	2	573
2.378	1	1	238	9	1	28	9422
2.378	2	1	238	9	1	2	573
2.379	1	1	238	10	1	28	9422
2.379	2	1	238	10	1	2	573
2.38	1	1	239	1	1	2	573
2.38	2	1	239	1	1	2	573
2.381	1	1	239	2	1	28	9422
2.382	1	1	239	3	1	28	9422
2.383	1	1	239	4	1	28	9422
2.384	1	1	239	5	1	28	9422
2.385	1	1	239	6	1	28	9422
2.386	1	1	239	7	1	28	9422
2.387	1	1	239	8	1	28	9422
2.404	2	1	241	5	1	2	573
2.405	1	1	241	6	1	2	573
2.405	2	1	241	6	1	2	573
2.406	1	1	241	7	1	2	573
2.406	2	1	241	7	1	2	573
2.407	1	1	241	8	1	2	573
2.407	2	1	241	8	1	2	573
2.408	1	1	241	9	1	2	573
2.409	1	1	241	10	1	2	573
2.411	1	1	242	2	1	2	573
2.411	2	1	242	2	1	28	9422
2.412	1	1	242	3	1	28	9422
2.413	1	1	242	4	1	28	9422
2.414	1	1	242	5	1	28	9422
2.415	1	1	242	6	1	28	9422
2.416	1	1	242	7	1	28	9422
2.417	1	1	242	8	1	28	9422
2.418	1	1	242	9	1	28	9422
2.419	1	1	242	10	1	28	9422
2.42	1	1	243	1	1	28	9422
2.421	1	1	243	2	1	28	9422
2.422	1	1	243	3	1	28	9422
2.422	2	1	243	3	1	28	9422
2.44	2	1	245	1	1	28	9422
2.441	1	1	245	2	1	2	573
2.441	2	1	245	2	1	2	573
2.442	1	1	245	3	1	2	573
2.442	2	1	245	3	1	2	573
2.443	1	1	245	4	1	2	573
2.444	1	1	245	5	1	2	573
2.445	1	1	245	6	1	2	573
2.446	1	1	245	7	1	2	573
2.447	1	1	245	8	1	2	573
2.447	2	1	245	8	1	28	9422
2.448	1	1	245	9	1	28	9422
2.449	1	1	245	10	1	28	9422
2.45	1	1	246	1	1	28	9422
2.451	1	1	246	2	1	28	9422
2.452	1	1	246	3	1	28	9422
2.453	1	1	246	4	1	28	9422
2.454	1	1	246	5	1	28	9422
2.455	1	1	246	6	1	28	9422
2.456	1	1	246	7	1	28	9422
2.457	1	1	246	8	1	28	9422
2.458	1	1	246	9	1	28	9422
2.458	2	1	246	9	1	28	9422
2.459	1	1	246	10	1	28	9422
2.459	2	1	246	10	1	28	9422
2.476	2	1	248	7	1	28	9422
2.477	1	1	248	8	1	28	9422
2.477	2	1	248	8	1	28	9422
2.478	1	1	248	9	1	28	9422
2.478	2	1	248	9	1	28	9422
2.479	1	1	248	10	1	28	9422
2.479	2	1	248	10	1	28	9422
2.483	1	1	249	4	1	2	573
2.483	2	1	249	4	1	28	9422
2.484	1	1	249	5	1	28	9422
2.485	1	1	249	6	1	28	9422
2.486	1	1	249	7	1	28	9422
2.487	1	1	249	8	1	28	9422
2.488	1	1	249	9	1	28	9422
2.489	1	1	249	10	1	28	9422
2.49	1	1	250	1	1	28	9422
2.491	1	1	250	2	1	28	9422
2.492	1	1	250	3	1	28	9422
2.493	1	1	250	4	1	28	9422
2.494	1	1	250	5	1	28	9422
2.494	2	1	250	5	1	28	9422
2.512	2	1	252	3	1	28	9422
2.513	1	1	252	4	1	28	9422
2.513	2	1	252	4	1	28	9422
2.514	1	1	252	5	1	28	9422
2.514	2	1	252	5	1	28	9422
2.515	1	1	252	6	1	28	9422
2.519	1	1	252	10	1	28	9422
2.519	2	1	252	10	1	28	9422
2.52	1	1	253	1	1	28	9422
2.521	1	1	253	2	1	2	573
2.522	1	1	253	3	1	28	9422
2.523	1	1	253	4	1	28	9422
2.524	1	1	253	5	1	28	9422
2.525	1	1	253	6	1	28	9422
2.526	1	1	253	7	1	28	9422
2.527	1	1	253	8	1	28	9422
2.528	1	1	253	9	1	28	9422
2.529	1	1	253	10	1	28	9422
2.53	1	1	254	1	1	28	9422
2.53	2	1	254	1	1	2	573
2.531	1	1	254	2	1	28	9422
2.531	2	1	254	2	1	2	573
2.548	2	1	255	9	1	28	9422
2.549	1	1	255	10	1	28	9422
2.549	2	1	255	10	1	28	9422
2.55	1	1	256	1	1	28	9422
2.55	2	1	256	1	1	28	9422
2.551	1	1	256	2	1	28	9422
2.551	2	1	256	2	1	28	9422
2.555	1	1	256	6	1	28	9422
2.555	2	1	256	6	1	28	9422
2.556	1	1	256	7	1	28	9422
2.557	1	1	256	8	1	28	9422
2.558	1	1	256	9	1	28	9422
2.559	1	1	256	10	1	28	9422
2.56	1	1	257	1	1	28	9422
2.561	1	1	257	2	1	2	573
2.562	1	1	257	3	1	28	9422
2.563	1	1	257	4	1	28	9422
2.564	1	1	257	5	1	28	9422
2.565	1	1	257	6	1	28	9422
2.566	1	1	257	7	1	28	9422
2.566	2	1	257	7	1	2	573
2.584	2	1	259	5	1	28	9422
2.585	1	1	259	6	1	28	9422
2.585	2	1	259	6	1	28	9422
2.586	1	1	259	7	1	28	9422
2.586	2	1	259	7	1	28	9422
2.587	1	1	259	8	1	28	9422
2.591	1	1	260	2	1	28	9422
2.591	2	1	260	2	1	28	9422
2.592	1	1	260	3	1	28	9422
2.593	1	1	260	4	1	28	9422
2.594	1	1	260	5	1	28	9422
2.595	1	1	260	6	1	28	9422
2.596	1	1	260	7	1	28	9422
2.597	1	1	260	8	1	28	9422
2.598	1	1	260	9	1	28	9422
2.599	1	1	260	10	1	28	9422
2.6	1	1	261	1	1	28	9422
2.601	1	1	261	2	1	2	573
2.602	1	1	261	3	1	28	9422
2.602	2	1	261	3	1	2	573
2.603	1	1	261	4	1	28	9422
2.603	2	1	261	4	1	2	573
2.62	2	1	263	1	1	28	9422
2.621	1	1	263	2	1	28	9422
2.621	2	1	263	2	1	28	9422
2.622	1	1	263	3	1	28	9422
2.622	2	1	263	3	1	28	9422
2.623	1	1	263	4	1	28	9422
2.623	2	1	263	4	1	28	9422
2.627	1	1	263	8	1	28	9422
2.627	2	1	263	8	1	28	9422
2.628	1	1	263	9	1	28	9422
2.629	1	1	263	10	1	28	9422
2.63	1	1	264	1	1	28	9422
2.631	1	1	264	2	1	28	9422
2.632	1	1	264	3	1	28	9422
2.633	1	1	264	4	1	28	9422
2.634	1	1	264	5	1	28	9422
2.635	1	1	264	6	1	28	9422
2.636	1	1	264	7	1	28	9422
2.637	1	1	264	8	1	28	9422
2.638	1	1	264	9	1	28	9422
2.638	2	1	264	9	1	28	9422
2.656	2	1	266	7	1	28	9422
2.657	1	1	266	8	1	2	573
2.657	2	1	266	8	1	28	9422
2.658	1	1	266	9	1	2	573
2.658	2	1	266	9	1	28	9422
2.659	1	1	266	10	1	2	573
2.66	1	1	267	1	1	2	573
2.661	1	1	267	2	1	2	573
2.662	1	1	267	3	1	2	573
2.663	1	1	267	4	1	2	573
2.663	2	1	267	4	1	28	9422
2.664	1	1	267	5	1	28	9422
2.665	1	1	267	6	1	28	9422
2.666	1	1	267	7	1	28	9422
2.667	1	1	267	8	1	28	9422
2.668	1	1	267	9	1	28	9422
2.669	1	1	267	10	1	28	9422
2.67	1	1	268	1	1	28	9422
2.671	1	1	268	2	1	28	9422
2.672	1	1	268	3	1	28	9422
2.673	1	1	268	4	1	28	9422
2.674	1	1	268	5	1	28	9422
2.674	2	1	268	5	1	28	9422
2.675	1	1	268	6	1	28	9422
2.675	2	1	268	6	1	28	9422
2.692	2	1	270	3	1	2	573
2.693	1	1	270	4	1	2	573
2.693	2	1	270	4	1	2	573
2.694	1	1	270	5	1	2	573
2.694	2	1	270	5	1	2	573
2.695	1	1	270	6	1	2	573
2.695	2	1	270	6	1	2	573
2.696	1	1	270	7	1	2	573
2.699	1	1	270	10	1	2	573
2.699	2	1	270	10	1	28	9422
2.7	1	1	271	1	1	28	9422
2.701	1	1	271	2	1	28	9422
2.702	1	1	271	3	1	28	9422
2.703	1	1	271	4	1	28	9422
2.704	1	1	271	5	1	28	9422
2.705	1	1	271	6	1	28	9422
2.706	1	1	271	7	1	28	9422
2.707	1	1	271	8	1	28	9422
2.708	1	1	271	9	1	28	9422
2.709	1	1	271	10	1	28	9422
2.71	1	1	272	1	1	28	9422
2.71	2	1	272	1	1	28	9422
2.728	2	1	273	9	1	2	573
2.729	1	1	273	10	1	2	573
2.729	2	1	273	10	1	2	573
2.73	1	1	274	1	1	2	573
2.73	2	1	274	1	1	2	573
2.731	1	1	274	2	1	2	573
2.732	1	1	274	3	1	2	573
2.733	1	1	274	4	1	2	573
2.734	1	1	274	5	1	2	573
2.735	1	1	274	6	1	2	573
2.735	2	1	274	6	1	28	9422
2.736	1	1	274	7	1	28	9422
2.737	1	1	274	8	1	28	9422
2.738	1	1	274	9	1	28	9422
2.739	1	1	274	10	1	28	9422
2.74	1	1	275	1	1	28	9422
2.741	1	1	275	2	1	28	9422
2.742	1	1	275	3	1	28	9422
2.743	1	1	275	4	1	28	9422
2.744	1	1	275	5	1	28	9422
2.745	1	1	275	6	1	28	9422
2.746	1	1	275	7	1	28	9422
2.746	2	1	275	7	1	28	9422
2.747	1	1	275	8	1	28	9422
2.747	2	1	275	8	1	28	9422
2.764	2	1	277	5	1	2	573
2.765	1	1	277	6	1	2	573
2.765	2	1	277	6	1	2	573
2.766	1	1	277	7	1	2	573
2.766	2	1	277	7	1	2	573
2.767	1	1	277	8	1	2	573
2.767	2	1	277	8	1	2	573
2.768	1	1	277	9	1	2	573
2.771	1	1	278	2	1	2	573
2.771	2	1	278	2	1	28	9422
2.772	1	1	278	3	1	28	9422
2.773	1	1	278	4	1	28	9422
2.774	1	1	278	5	1	28	9422
2.775	1	1	278	6	1	28	9422
2.776	1	1	278	7	1	28	9422
2.777	1	1	278	8	1	28	9422
2.778	1	1	278	9	1	28	9422
2.779	1	1	278	10	1	28	9422
2.78	1	1	279	1	1	28	9422
2.781	1	1	279	2	1	28	9422
2.782	1	1	279	3	1	28	9422
2.782	2	1	279	3	1	28	9422
2.8	2	1	281	1	1	28	9422
2.801	1	1	281	2	1	2	573
2.801	2	1	281	2	1	2	573
2.802	1	1	281	3	1	2	573
2.802	2	1	281	3	1	2	573
2.803	1	1	281	4	1	2	573
2.804	1	1	281	5	1	2	573
2.805	1	1	281	6	1	2	573
2.806	1	1	281	7	1	2	573
2.807	1	1	281	8	1	2	573
2.807	2	1	281	8	1	28	9422
2.808	1	1	281	9	1	28	9422
2.809	1	1	281	10	1	28	9422
2.81	1	1	282	1	1	28	9422
2.811	1	1	282	2	1	28	9422
2.812	1	1	282	3	1	28	9422
2.813	1	1	282	4	1	28	9422
2.814	1	1	282	5	1	28	9422
2.815	1	1	282	6	1	28	9422
2.816	1	1	282	7	1	28	9422
2.817	1	1	282	8	1	28	9422
2.818	1	1	282	9	1	28	9422
2.818	2	1	282	9	1	28	9422
2.819	1	1	282	10	1	28	9422
2.819	2	1	282	10	1	28	9422
2.836	2	1	284	7	1	28	9422
2.837	1	1	284	8	1	28	9422
2.837	2	1	284	8	1	28	9422
2.838	1	1	284	9	1	28	9422
2.838	2	1	284	9	1	28	9422
2.839	1	1	284	10	1	28	9422
2.839	2	1	284	10	1	28	9422
2.843	1	1	285	4	1	2	573
2.843	2	1	285	4	1	28	9422
2.844	1	1	285	5	1	28	9422
2.845	1	1	285	6	1	28	9422
2.846	1	1	285	7	1	28	9422
2.847	1	1	285	8	1	28	9422
2.848	1	1	285	9	1	28	9422
2.849	1	1	285	10	1	28	9422
2.85	1	1	286	1	1	28	9422
2.851	1	1	286	2	1	28	9422
2.852	1	1	286	3	1	28	9422
2.853	1	1	286	4	1	28	9422
2.854	1	1	286	5	1	28	9422
2.854	2	1	286	5	1	28	9422
2.872	2	1	288	3	1	28	9422
2.873	1	1	288	4	1	28	9422
2.873	2	1	288	4	1	28	9422
2.874	1	1	288	5	1	28	9422
2.874	2	1	288	5	1	28	9422
2.875	1	1	288	6	1	28	9422
2.879	1	1	288	10	1	28	9422
2.879	2	1	288	10	1	28	9422
2.88	1	1	289	1	1	28	9422
2.881	1	1	289	2	1	2	573
2.882	1	1	289	3	1	28	9422
2.883	1	1	289	4	1	28	9422
2.884	1	1	289	5	1	28	9422
2.885	1	1	289	6	1	28	9422
2.886	1	1	289	7	1	28	9422
2.887	1	1	289	8	1	28	9422
2.888	1	1	289	9	1	28	9422
2.889	1	1	289	10	1	28	9422
2.89	1	1	290	1	1	28	9422
2.89	2	1	290	1	1	2	573
2.891	1	1	290	2	1	28	9422
2.891	2	1	290	2	1	2	573
2.908	2	1	291	9	1	28	9422
2.909	1	1	291	10	1	28	9422
2.909	2	1	291	10	1	28	9422
2.91	1	1	292	1	1	28	9422
2.91	2	1	292	1	1	28	9422
2.911	1	1	292	2	1	28	9422
2.911	2	1	292	2	1	28	9422
2.915	1	1	292	6	1	28	9422
2.915	2	1	292	6	1	28	9422
2.916	1	1	292	7	1	28	9422
2.917	1	1	292	8	1	28	9422
2.918	1	1	292	9	1	28	9422
2.919	1	1	292	10	1	28	9422
2.92	1	1	293	1	1	28	9422
2.921	1	1	293	2	1	2	573
2.922	1	1	293	3	1	28	9422
2.923	1	1	293	4	1	28	9422
2.924	1	1	293	5	1	28	9422
2.925	1	1	293	6	1	28	9422
2.926	1	1	293	7	1	28	9422
2.926	2	1	293	7	1	2	573
2.944	2	1	295	5	1	28	9422
2.945	1	1	295	6	1	28	9422
2.945	2	1	295	6	1	28	9422
2.946	1	1	295	7	1	28	9422
2.946	2	1	295	7	1	28	9422
2.947	1	1	295	8	1	28	9422
2.951	1	1	296	2	1	28	9422
2.951	2	1	296	2	1	28	9422
2.952	1	1	296	3	1	28	9422
2.953	1	1	296	4	1	28	9422
2.954	1	1	296	5	1	28	9422
2.955	1	1	296	6	1	28	9422
2.956	1	1	296	7	1	28	9422
2.957	1	1	296	8	1	28	9422
2.958	1	1	296	9	1	28	9422
2.959	1	1	296	10	1	28	9422
2.96	1	1	297	1	1	28	9422
2.961	1	1	297	2	1	2	573
2.962	1	1	297	3	1	28	9422
2.962	2	1	297	3	1	2	573
2.963	1	1	297	4	1	28	9422
2.963	2	1	297	4	1	2	573
2.98	2	1	299	1	1	28	9422
2.981	1	1	299	2	1	28	9422
2.981	2	1	299	2	1	28	9422
2.982	1	1	299	3	1	28	9422
2.982	2	1	299	3	1	28	9422
2.983	1	1	299	4	1	28	9422
2.983	2	1	299	4	1	28	9422
2.987	1	1	299	8	1	28	9422
2.987	2	1	299	8	1	28	9422
2.988	1	1	299	9	1	28	9422
2.989	1	1	299	10	1	28	9422
2.99	1	1	300	1	1	28	9422
2.991	1	1	300	2	1	28	9422
2.992	1	1	300	3	1	28	9422
2.993	1	1	300	4	1	28	9422
2.994	1	1	300	5	1	28	9422
2.995	1	1	300	6	1	28	9422
2.996	1	1	300	7	1	28	9422
2.997	1	1	300	8	1	28	9422
2.998	1	1	300	9	1	28	9422
2.998	2	1	300	9	1	28	9422
3.016	2	1	302	7	1	28	9422
3.017	1	1	302	8	1	2	573
3.017	2	1	302	8	1	28	9422
3.018	1	1	302	9	1	2	573
3.018	2	1	302	9	1	28	9422
3.019	1	1	302	10	1	2	573
3.02	1	1	303	1	1	2	573
3.021	1	1	303	2	1	2	573
3.022	1	1	303	3	1	2	573
3.023	1	1	303	4	1	2	573
3.023	2	1	303	4	1	28	9422
3.024	1	1	303	5	1	28	9422
3.025	1	1	303	6	1	28	9422
3.026	1	1	303	7	1	28	9422
3.027	1	1	303	8	1	28	9422
3.028	1	1	303	9	1	28	9422
3.029	1	1	303	10	1	28	9422
3.03	1	1	304	1	1	28	9422
3.031	1	1	304	2	1	28	9422
3.032	1	1	304	3	1	28	9422
3.033	1	1	304	4	1	28	9422
3.034	1	1	304	5	1	28	9422
3.034	2	1	304	5	1	28	9422
3.035	1	1	304	6	1	28	9422
3.035	2	1	304	6	1	28	9422
3.052	2	1	306	3	1	2	573
3.053	1	1	306	4	1	2	573
3.053	2	1	306	4	1	2	573
3.054	1	1	306	5	1	2	573
3.054	2	1	306	5	1	2	573
3.055	1	1	306	6	1	2	573
3.055	2	1	306	6	1	2	573
3.056	1	1	306	7	1	2	573
3.059	1	1	306	10	1	2	573
3.059	2	1	306	10	1	28	9422
3.06	1	1	307	1	1	28	9422
3.061	1	1	307	2	1	28	9422
3.062	1	1	307	3	1	28	9422
3.063	1	1	307	4	1	28	9422
3.064	1	1	307	5	1	28	9422
3.065	1	1	307	6	1	28	9422
3.066	1	1	307	7	1	28	9422
3.067	1	1	307	8	1	28	9422
3.068	1	1	307	9	1	28	9422
3.069	1	1	307	10	1	28	9422
3.07	1	1	308	1	1	28	9422
3.07	2	1	308	1	1	28	9422
3.088	2	1	309	9	1	2	573
3.089	1	1	309	10	1	2	573
3.089	2	1	309	10	1	2	573
3.09	1	1	310	1	1	2	573
3.09	2	1	310	1	1	2	573
3.091	1	1	310	2	1	2	573
3.092	1	1	310	3	1	2	573
3.093	1	1	310	4	1	2	573
3.094	1	1	310	5	1	2	573
3.095	1	1	310	6	1	2	573
3.095	2	1	310	6	1	28	9422
3.096	1	1	310	7	1	28	9422
3.097	1	1	310	8	1	28	9422
3.098	1	1	310	9	1	28	9422
3.099	1	1	310	10	1	28	9422
3.1	1	1	311	1	1	28	9422
3.101	1	1	311	2	1	28	9422
3.102	1	1	311	3	1	28	9422
3.103	1	1	311	4	1	28	9422
3.104	1	1	311	5	1	28	9422
3.105	1	1	311	6	1	28	9422
3.106	1	1	311	7	1	28	9422
3.106	2	1	311	7	1	28	9422
3.107	1	1	311	8	1	28	9422
3.107	2	1	311	8	1	28	9422
3.124	2	1	313	5	1	2	573
3.125	1	1	313	6	1	2	573
3.125	2	1	313	6	1	2	573
3.126	1	1	313	7	1	2	573
3.126	2	1	313	7	1	2	573
3.127	1	1	313	8	1	2	573
3.127	2	1	313	8	1	2	573
3.128	1	1	313	9	1	2	573
3.131	1	1	314	2	1	2	573
3.131	2	1	314	2	1	28	9422
3.132	1	1	314	3	1	28	9422
3.133	1	1	314	4	1	28	9422
3.134	1	1	314	5	1	28	9422
3.135	1	1	314	6	1	28	9422
3.136	1	1	314	7	1	28	9422
3.137	1	1	314	8	1	28	9422
3.138	1	1	314	9	1	28	9422
3.139	1	1	314	10	1	28	9422
3.14	1	1	315	1	1	28	9422
3.141	1	1	315	2	1	28	9422
3.142	1	1	315	3	1	28	9422
3.142	2	1	315	3	1	28	9422
3.16	2	1	317	1	1	28	9422
3.161	1	1	317	2	1	2	573
3.161	2	1	317	2	1	2	573
3.162	1	1	317	3	1	2	573
3.162	2	1	317	3	1	2	573
3.163	1	1	317	4	1	2	573
3.164	1	1	317	5	1	2	573
3.165	1	1	317	6	1	2	573
3.166	1	1	317	7	1	2	573
3.167	1	1	317	8	1	2	573
3.167	2	1	317	8	1	28	9422
3.168	1	1	317	9	1	28	9422
3.169	1	1	317	10	1	28	9422
3.17	1	1	318	1	1	28	9422
3.171	1	1	318	2	1	28	9422
3.172	1	1	318	3	1	28	9422
3.173	1	1	318	4	1	28	9422
3.174	1	1	318	5	1	28	9422
3.175	1	1	318	6	1	28	9422
3.176	1	1	318	7	1	28	9422
3.177	1	1	318	8	1	28	9422
3.178	1	1	318	9	1	28	9422
3.178	2	1	318	9	1	28	9422
3.179	1	1	318	10	1	28	9422
3.179	2	1	318	10	1	28	9422
3.196	2	1	320	7	1	28	9422
3.197	1	1	320	8	1	28	9422
3.197	2	1	320	8	1	28	9422
3.198	1	1	320	9	1	28	9422
3.198	2	1	320	9	1	28	9422
3.199	1	1	320	10	1	28	9422
3.199	2	1	320	10	1	28	9422
3.203	1	1	321	4	1	2	573
3.203	2	1	321	4	1	28	9422
3.204	1	1	321	5	1	28	9422
3.205	1	1	321	6	1	28	9422
3.206	1	1	321	7	1	28	9422
3.207	1	1	321	8	1	28	9422
3.208	1	1	321	9	1	28	9422
3.209	1	1	321	10	1	28	9422
3.21	1	1	322	1	1	28	9422
3.211	1	1	322	2	1	28	9422
3.212	1	1	322	3	1	28	9422
3.213	1	1	322	4	1	28	9422
3.214	1	1	322	5	1	28	9422
3.214	2	1	322	5	1	28	9422
3.232	2	1	324	3	1	28	9422
3.233	1	1	324	4	1	28	9422
3.233	2	1	324	4	1	28	9422
3.234	1	1	324	5	1	28	9422
3.234	2	1	324	5	1	28	9422
3.235	1	1	324	6	1	28	9422
3.239	1	1	324	10	1	28	9422
3.239	2	1	324	10	1	28	9422
3.24	1	1	325	1	1	28	9422
3.241	1	1	325	2	1	2	573
3.242	1	1	325	3	1	28	9422
3.243	1	1	325	4	1	28	9422
3.244	1	1	325	5	1	28	9422
3.245	1	1	325	6	1	28	9422
3.246	1	1	325	7	1	28	9422
3.247	1	1	325	8	1	28	9422
3.248	1	1	325	9	1	28	9422
3.249	1	1	325	10	1	28	9422
3.25	1	1	326	1	1	28	9422
3.25	2	1	326	1	1	2	573
3.251	1	1	326	2	1	28	9422
3.251	2	1	326	2	1	2	573
3.268	2	1	327	9	1	28	9422
3.269	1	1	327	10	1	28	9422
3.269	2	1	327	10	1	28	9422
3.27	1	1	328	1	1	28	9422
3.27	2	1	328	1	1	28	9422
3.271	1	1	328	2	1	28	9422
3.271	2	1	328	2	1	28	9422
3.275	1	1	328	6	1	28	9422
3.275	2	1	328	6	1	28	9422
3.276	1	1	328	7	1	28	9422
3.277	1	1	328	8	1	28	9422
3.278	1	1	328	9	1	28	9422
3.279	1	1	328	10	1	28	9422
3.28	1	1	329	1	1	28	9422
3.281	1	1	329	2	1	2	573
3.282	1	1	329	3	1	28	9422
3.283	1	1	329	4	1	28	9422
3.284	1	1	329	5	1	28	9422
3.285	1	1	329	6	1	28	9422
3.286	1	1	329	7	1	28	9422
3.286	2	1	329	7	1	2	573
3.304	2	1	331	5	1	28	9422
3.305	1	1	331	6	1	28	9422
3.305	2	1	331	6	1	28	9422
3.306	1	1	331	7	1	28	9422
3.306	2	1	331	7	1	28	9422
3.307	1	1	331	8	1	28	9422
3.311	1	1	332	2	1	28	9422
3.311	2	1	332	2	1	28	9422
3.312	1	1	332	3	1	28	9422
3.313	1	1	332	4	1	28	9422
3.314	1	1	332	5	1	28	9422
3.315	1	1	332	6	1	28	9422
3.316	1	1	332	7	1	28	9422
3.317	1	1	332	8	1	28	9422
3.318	1	1	332	9	1	28	9422
3.319	1	1	332	10	1	28	9422
3.32	1	1	333	1	1	28	9422
3.321	1	1	333	2	1	2	573
3.322	1	1	333	3	1	28	9422
3.322	2	1	333	3	1	2	573
3.323	1	1	333	4	1	28	9422
3.323	2	1	333	4	1	2	573
3.341	1	1	335	2	1	28	9422
3.341	2	1	335	2	1	28	9422
3.342	1	1	335	3	1	28	9422
3.342	2	1	335	3	1	28	9422
3.343	1	1	335	4	1	28	9422
3.343	2	1	335	4	1	28	9422
3.348	1	1	335	9	1	28	9422
3.348	2	1	335	9	1	28	9422
3.349	1	1	335	10	1	28	9422
3.349	2	1	335	10	1	2	573
3.35	1	1	336	1	1	28	9422
3.351	1	1	336	2	1	28	9422
3.352	1	1	336	3	1	28	9422
3.353	1	1	336	4	1	28	9422
3.354	1	1	336	5	1	28	9422
3.355	1	1	336	6	1	28	9422
3.356	1	1	336	7	1	28	9422
3.357	1	1	336	8	1	28	9422
3.358	1	1	336	9	1	28	9422
3.359	1	1	336	10	1	28	9422
3.359	2	1	336	10	1	2	573
3.379	1	1	338	10	1	2	573
3.38	1	1	339	1	1	2	573
3.381	1	1	339	2	1	2	573
3.382	1	1	339	3	1	2	573
3.383	1	1	339	4	1	2	573
3.384	1	1	339	5	1	2	573
3.384	2	1	339	5	1	28	9422
3.385	1	1	339	6	1	2	573
3.385	2	1	339	6	1	28	9422
3.386	1	1	339	7	1	2	573
3.386	2	1	339	7	1	28	9422
3.387	1	1	339	8	1	2	573
3.387	2	1	339	8	1	28	9422
3.388	1	1	339	9	1	2	573
3.388	2	1	339	9	1	28	9422
3.389	1	1	339	10	1	2	573
3.389	2	1	339	10	1	28	9422
3.39	1	1	340	1	1	2	573
3.39	2	1	340	1	1	28	9422
3.391	1	1	340	2	1	2	573
3.391	2	1	340	2	1	28	9422
3.392	1	1	340	3	1	2	573
3.393	1	1	340	4	1	2	573
3.394	1	1	340	5	1	2	573
3.395	1	1	340	6	1	2	573
3.396	1	1	340	7	1	2	573
3.397	1	1	340	8	1	2	573
3.398	1	1	340	9	1	2	573
3.399	1	1	340	10	1	2	573
3.4	1	1	341	1	1	2	573
3.401	1	1	341	2	1	2	573
3.402	1	1	341	3	1	2	573
3.403	1	1	341	4	1	2	573
3.404	1	1	341	5	1	2	573
3.405	1	1	341	6	1	2	573
3.406	1	1	341	7	1	2	573
3.407	1	1	341	8	1	2	573
3.418	1	1	342	9	1	2	573
3.418	2	1	342	9	1	2	573
3.419	1	1	342	10	1	2	573
3.42	1	1	343	1	1	2	573
3.421	1	1	343	2	1	2	573
3.422	1	1	343	3	1	2	573
3.423	1	1	343	4	1	2	573
3.424	1	1	343	5	1	2	573
3.425	1	1	343	6	1	2	573
3.426	1	1	343	7	1	2	573
3.427	1	1	343	8	1	2	573
3.438	1	1	344	9	1	2	573
3.439	1	1	344	10	1	2	573
3.44	1	1	345	1	1	2	573
3.441	1	1	345	2	1	2	573
3.442	1	1	345	3	1	2	573
3.443	1	1	345	4	1	2	573
3.444	1	1	345	5	1	2	573
3.445	1	1	345	6	1	2	573
3.446	1	1	345	7	1	2	573
3.447	1	1	345	8	1	2	573
3.458	1	1	346	9	1	2	573
3.459	1	1	346	10	1	2	573
3.46	1	1	347	1	1	2	573
3.461	1	1	347	2	1	2	573
3.462	1	1	347	3	1	2	573
3.463	1	1	347	4	1	2	573
3.464	1	1	347	5	1	2	573
3.465	1	1	347	6	1	2	573
3.466	1	1	347	7	1	2	573
3.467	1	1	347	8	1	2	573
3.478	1	1	348	9	1	2	573
3.479	1	1	348	10	1	2	573
3.48	1	1	349	1	1	2	573
3.481	1	1	349	2	1	2	573
3.482	1	1	349	3	1	2	573
3.483	1	1	349	4	1	2	573
3.484	1	1	349	5	1	2	573
3.485	1	1	349	6	1	2	573
3.486	1	1	349	7	1	2	573
3.487	1	1	349	8	1	2	573
3.498	1	1	350	9	1	2	573
3.499	1	1	350	10	1	2	573
3.5	1	1	351	1	1	2	573
3.501	1	1	351	2	1	2	573
3.502	1	1	351	3	1	2	573
3.503	1	1	351	4	1	2	573
3.504	1	1	351	5	1	2	573
3.505	1	1	351	6	1	2	573
3.506	1	1	351	7	1	2	573
3.507	1	1	351	8	1	2	573
3.518	1	1	352	9	1	2	573
3.519	1	1	352	10	1	2	573
3.52	1	1	353	1	1	2	573
3.521	1	1	353	2	1	2	573
3.522	1	1	353	3	1	2	573
3.523	1	1	353	4	1	2	573
3.524	1	1	353	5	1	2	573
3.525	1	1	353	6	1	2	573
3.526	1	1	353	7	1	2	573
3.527	1	1	353	8	1	2	573
3.538	1	1	354	9	1	2	573
3.539	1	1	354	10	1	2	573
3.54	1	1	355	1	1	2	573
3.541	1	1	355	2	1	2	573
3.542	1	1	355	3	1	2	573
3.543	1	1	355	4	1	2	573
3.544	1	1	355	5	1	2	573
3.545	1	1	355	6	1	2	573
3.546	1	1	355	7	1	2	573
3.547	1	1	355	8	1	2	573
3.558	1	1	356	9	1	2	573
3.559	1	1	356	10	1	2	573
3.56	1	1	357	1	1	2	573
3.561	1	1	357	2	1	2	573
3.562	1	1	357	3	1	2	573
3.563	1	1	357	4	1	2	573
3.564	1	1	357	5	1	2	573
3.565	1	1	357	6	1	2	573
3.566	1	1	357	7	1	2	573
3.567	1	1	357	8	1	2	573
3.578	1	1	358	9	1	2	573
3.579	1	1	358	10	1	2	573
3.58	1	1	359	1	1	2	573
3.581	1	1	359	2	1	2	573
3.582	1	1	359	3	1	2	573
3.583	1	1	359	4	1	2	573
3.584	1	1	359	5	1	2	573
3.585	1	1	359	6	1	2	573
3.586	1	1	359	7	1	2	573
3.587	1	1	359	8	1	2	573
3.598	1	1	360	9	1	2	573
3.599	1	1	360	10	1	2	573
3.6	1	1	361	1	1	2	573
3.601	1	1	361	2	1	2	573
3.602	1	1	361	3	1	2	573
3.603	1	1	361	4	1	2	573
3.604	1	1	361	5	1	2	573
3.605	1	1	361	6	1	2	573
3.606	1	1	361	7	1	2	573
3.607	1	1	361	8	1	2	573
3.618	1	1	362	9	1	2	573
3.619	1	1	362	10	1	2	573
3.62	1	1	363	1	1	2	573
3.621	1	1	363	2	1	2	573
3.622	1	1	363	3	1	2	573
3.623	1	1	363	4	1	2	573
3.624	1	1	363	5	1	2	573
3.625	1	1	363	6	1	2	573
3.626	1	1	363	7	1	2	573
3.627	1	1	363	8	1	2	573
3.638	1	1	364	9	1	2	573
3.639	1	1	364	10	1	2	573
3.64	1	1	365	1	1	2	573
3.641	1	1	365	2	1	2	573
3.642	1	1	365	3	1	2	573
3.643	1	1	365	4	1	2	573
3.644	1	1	365	5	1	2	573
3.645	1	1	365	6	1	2	573
3.646	1	1	365	7	1	2	573
3.647	1	1	365	8	1	2	573
3.658	1	1	366	9	1	2	573
3.659	1	1	366	10	1	2	573
3.66	1	1	367	1	1	2	573
3.661	1	1	367	2	1	2	573
3.662	1	1	367	3	1	2	573
3.663	1	1	367	4	1	2	573
3.664	1	1	367	5	1	2	573
3.665	1	1	367	6	1	2	573
3.666	1	1	367	7	1	2	573
3.667	1	1	367	8	1	2	573
3.678	1	1	368	9	1	2	573
3.679	1	1	368	10	1	2	573
3.68	1	1	369	1	1	2	573
3.681	1	1	369	2	1	2	573
3.682	1	1	369	3	1	2	573
3.683	1	1	369	4	1	2	573
3.684	1	1	369	5	1	2	573
3.685	1	1	369	6	1	2	573
3.686	1	1	369	7	1	2	573
3.687	1	1	369	8	1	2	573
3.698	1	1	370	9	1	2	573
3.699	1	1	370	10	1	2	573
3.7	1	1	371	1	1	2	573
3.701	1	1	371	2	1	2	573
3.702	1	1	371	3	1	2	573
3.703	1	1	371	4	1	2	573
3.704	1	1	371	5	1	2	573
3.705	1	1	371	6	1	2	573
3.706	1	1	371	7	1	2	573
3.707	1	1	371	8	1	2	573
3.718	1	1	372	9	1	2	573
3.719	1	1	372	10	1	2	573
3.72	1	1	373	1	1	2	573
3.721	1	1	373	2	1	2	573
3.722	1	1	373	3	1	2	573
3.723	1	1	373	4	1	2	573
3.724	1	1	373	5	1	2	573
3.725	1	1	373	6	1	2	573
3.726	1	1	373	7	1	2	573
3.727	1	1	373	8	1	2	573
3.738	1	1	374	9	1	2	573
3.739	1	1	374	10	1	2	573
3.74	1	1	375	1	1	2	573
3.741	1	1	375	2	1	2	573
3.742	1	1	375	3	1	2	573
3.743	1	1	375	4	1	2	573
3.744	1	1	375	5	1	2	573
3.745	1	1	375	6	1	2	573
3.746	1	1	375	7	1	2	573
3.747	1	1	375	8	1	2	573
3.758	1	1	376	9	1	2	573
3.759	1	1	376	10	1	2	573
3.76	1	1	377	1	1	2	573
3.761	1	1	377	2	1	2	573
3.762	1	1	377	3	1	2	573
3.763	1	1	377	4	1	2	573
3.764	1	1	377	5	1	2	573
3.765	1	1	377	6	1	2	573
3.766	1	1	377	7	1	2	573
3.767	1	1	377	8	1	2	573
3.778	1	1	378	9	1	2	573
3.779	1	1	378	10	1	2	573
3.78	1	1	379	1	1	2	573
3.781	1	1	379	2	1	2	573
3.782	1	1	379	3	1	2	573
3.783	1	1	379	4	1	2	573
3.784	1	1	379	5	1	2	573
3.785	1	1	379	6	1	2	573
3.786	1	1	379	7	1	2	573
3.787	1	1	379	8	1	2	573
3.798	1	1	380	9	1	2	573
3.799	1	1	380	10	1	2	573
3.8	1	1	381	1	1	2	573
3.801	1	1	381	2	1	2	573
3.802	1	1	381	3	1	2	573
3.803	1	1	381	4	1	2	573
3.804	1	1	381	5	1	2	573
3.805	1	1	381	6	1	2	573
3.806	1	1	381	7	1	2	573
3.807	1	1	381	8	1	2	573
3.818	1	1	382	9	1	2	573
3.819	1	1	382	10	1	2	573
3.82	1	1	383	1	1	2	573
3.821	1	1	383	2	1	2	573
3.822	1	1	383	3	1	2	573
3.823	1	1	383	4	1	2	573
3.824	1	1	383	5	1	2	573
3.825	1	1	383	6	1	2	573
3.826	1	1	383	7	1	2	573
3.827	1	1	383	8	1	2	573
3.838	1	1	384	9	1	2	573
3.839	1	1	384	10	1	2	573
3.84	1	1	385	1	1	2	573
3.841	1	1	385	2	1	2	573
3.842	1	1	385	3	1	2	573
3.843	1	1	385	4	1	2	573
3.844	1	1	385	5	1	2	573
3.845	1	1	385	6	1	2	573
3.846	1	1	385	7	1	2	573
3.847	1	1	385	8	1	2	573
3.858	1	1	386	9	1	2	573
3.859	1	1	386	10	1	2	573
3.86	1	1	387	1	1	2	573
3.861	1	1	387	2	1	2	573
3.862	1	1	387	3	1	2	573
3.863	1	1	387	4	1	2	573
3.864	1	1	387	5	1	2	573
3.865	1	1	387	6	1	2	573
3.866	1	1	387	7	1	2	573
3.867	1	1	387	8	1	2	573
3.878	1	1	388	9	1	2	573
3.879	1	1	388	10	1	2	573
3.88	1	1	389	1	1	2	573
3.881	1	1	389	2	1	2	573
3.882	1	1	389	3	1	2	573
3.883	1	1	389	4	1	2	573
3.884	1	1	389	5	1	2	573
3.885	1	1	389	6	1	2	573
3.886	1	1	389	7	1	2	573
3.887	1	1	389	8	1	2	573
3.898	1	1	390	9	1	2	573
3.899	1	1	390	10	1	2	573
3.9	1	1	391	1	1	2	573
3.901	1	1	391	2	1	2	573
3.902	1	1	391	3	1	2	573
3.903	1	1	391	4	1	2	573
3.904	1	1	391	5	1	2	573
3.905	1	1	391	6	1	2	573
3.906	1	1	391	7	1	2	573
3.907	1	1	391	8	1	2	573
3.918	1	1	392	9	1	2	573
3.919	1	1	392	10	1	2	573
3.92	1	1	393	1	1	2	573
3.921	1	1	393	2	1	2	573
3.922	1	1	393	3	1	2	573
3.923	1	1	393	4	1	2	573
3.924	1	1	393	5	1	2	573
3.925	1	1	393	6	1	2	573
3.926	1	1	393	7	1	2	573
3.927	1	1	393	8	1	2	573
3.938	1	1	394	9	1	2	573
3.939	1	1	394	10	1	2	573
3.94	1	1	395	1	1	2	573
3.941	1	1	395	2	1	2	573
3.942	1	1	395	3	1	2	573
3.943	1	1	395	4	1	2	573
3.944	1	1	395	5	1	2	573
3.945	1	1	395	6	1	2	573
3.946	1	1	395	7	1	2	573
3.947	1	1	395	8	1	2	573
3.958	1	1	396	9	1	2	573
3.959	1	1	396	10	1	2	573
3.96	1	1	397	1	1	2	573
3.961	1	1	397	2	1	2	573
3.962	1	1	397	3	1	2	573
3.963	1	1	397	4	1	2	573
3.964	1	1	397	5	1	2	573
3.965	1	1	397	6	1	2	573
3.966	1	1	397	7	1	2	573
3.967	1	1	397	8	1	2	573
3.978	1	1	398	9	1	2	573
3.979	1	1	398	10	1	2	573
3.98	1	1	399	1	1	2	573
3.981	1	1	399	2	1	2	573
3.982	1	1	399	3	1	2	573
3.983	1	1	399	4	1	2	573
3.984	1	1	399	5	1	2	573
3.985	1	1	399	6	1	2	573
3.986	1	1	399	7	1	2	573
3.987	1	1	399	8	1	2	573
3.998	1	1	400	9	1	2	573
3.999	1	1	400	10	1	2	573
4	1	1	401	1	1	2	573
4.001	1	1	401	2	1	2	573
4.002	1	1	401	3	1	2	573
4.003	1	1	401	4	1	2	573
4.004	1	1	401	5	1	2	573
4.005	1	1	401	6	1	2	573
4.006	1	1	401	7	1	2	573
4.007	1	1	401	8	1	2	573
4.018	1	1	402	9	1	2	573
4.019	1	1	402	10	1	2	573
4.02	1	1	403	1	1	2	573
4.021	1	1	403	2	1	2	573
4.022	1	1	403	3	1	2	573
4.023	1	1	403	4	1	2	573
4.024	1	1	403	5	1	2	573
4.025	1	1	403	6	1	2	573
4.026	1	1	403	7	1	2	573
4.027	1	1	403	8	1	2	573
4.038	1	1	404	9	1	2	573
4.039	1	1	404	10	1	2	573
4.04	1	1	405	1	1	2	573
4.041	1	1	405	2	1	2	573
4.042	1	1	405	3	1	2	573
4.043	1	1	405	4	1	2	573
4.044	1	1	405	5	1	2	573
4.045	1	1	405	6	1	2	573
4.046	1	1	405	7	1	2	573
4.047	1	1	405	8	1	2	573
4.058	1	1	406	9	1	2	573
4.059	1	1	406	10	1	2	573
4.06	1	1	407	1	1	2	573
4.061	1	1	407	2	1	2	573
4.062	1	1	407	3	1	2	573
4.063	1	1	407	4	1	2	573
4.064	1	1	407	5	1	2	573
4.065	1	1	407	6	1	2	573
4.066	1	1	407	7	1	2	573
4.067	1	1	407	8	1	2	573
4.078	1	1	408	9	1	2	573
4.079	1	1	408	10	1	2	573
4.08	1	1	409	1	1	2	573
4.081	1	1	409	2	1	2	573
4.082	1	1	409	3	1	2	573
4.083	1	1	409	4	1	2	573
4.084	1	1	409	5	1	2	573
4.085	1	1	409	6	1	2	573
4.086	1	1	409	7	1	2	573
4.087	1	1	409	8	1	2	573
4.098	1	1	410	9	1	2	573
4.099	1	1	410	10	1	2	573
4.1	1	1	411	1	1	2	573
4.101	1	1	411	2	1	2	573
4.102	1	1	411	3	1	2	573
4.103	1	1	411	4	1	2	573
4.104	1	1	411	5	1	2	573
4.105	1	1	411	6	1	2	573
4.106	1	1	411	7	1	2	573
4.107	1	1	411	8	1	2	573
4.118	1	1	412	9	1	2	573
4.119	1	1	412	10	1	2	573
4.12	1	1	413	1	1	2	573
4.121	1	1	413	2	1	2	573
4.122	1	1	413	3	1	2	573
4.123	1	1	413	4	1	2	573
4.124	1	1	413	5	1	2	573
4.125	1	1	413	6	1	2	573
4.126	1	1	413	7	1	2	573
4.127	1	1	413	8	1	2	573
4.138	1	1	414	9	1	2	573
4.139	1	1	414	10	1	2	573
4.14	1	1	415	1	1	2	573
4.141	1	1	415	2	1	2	573
4.142	1	1	415	3	1	2	573
4.143	1	1	415	4	1	2	573
4.144	1	1	415	5	1	2	573
4.145	1	1	415	6	1	2	573
4.146	1	1	415	7	1	2	573
4.147	1	1	415	8	1	2	573
4.158	1	1	416	9	1	2	573
4.159	1	1	416	10	1	2	573
4.16	1	1	417	1	1	2	573
4.161	1	1	417	2	1	2	573
4.162	1	1	417	3	1	2	573
4.163	1	1	417	4	1	2	573
4.164	1	1	417	5	1	2	573
4.165	1	1	417	6	1	2	573
4.166	1	1	417	7	1	2	573
4.167	1	1	417	8	1	2	573
4.178	1	1	418	9	1	2	573
4.179	1	1	418	10	1	2	573
4.18	1	1	419	1	1	2	573
4.181	1	1	419	2	1	2	573
4.182	1	1	419	3	1	2	573
4.183	1	1	419	4	1	2	573
4.184	1	1	419	5	1	2	573
4.185	1	1	419	6	1	2	573
4.186	1	1	419	7	1	2	573
4.187	1	1	419	8	1	2	573
4.198	1	1	420	9	1	2	573
4.199	1	1	420	10	1	2	573
4.2	1	1	421	1	1	2	573
4.201	1	1	421	2	1	2	573
4.202	1	1	421	3	1	2	573
4.203	1	1	421	4	1	2	573
4.204	1	1	421	5	1	2	573
4.205	1	1	421	6	1	2	573
4.206	1	1	421	7	1	2	573
4.207	1	1	421	8	1	2	573
4.218	1	1	422	9	1	2	573
4.219	1	1	422	10	1	2	573
4.22	1	1	423	1	1	2	573
4.221	1	1	423	2	1	2	573
4.222	1	1	423	3	1	2	573
4.223	1	1	423	4	1	2	573
4.224	1	1	423	5	1	2	573
4.225	1	1	423	6	1	2	573
4.226	1	1	423	7	1	2	573
4.227	1	1	423	8	1	2	573
4.238	1	1	424	9	1	2	573
4.239	1	1	424	10	1	2	573
4.24	1	1	425	1	1	2	573
4.241	1	1	425	2	1	2	573
4.242	1	1	425	3	1	2	573
4.243	1	1	425	4	1	2	573
4.244	1	1	425	5	1	2	573
4.245	1	1	425	6	1	2	573
4.246	1	1	425	7	1	2	573
4.247	1	1	425	8	1	2	573
4.258	1	1	426	9	1	2	573
4.259	1	1	426	10	1	2	573
4.26	1	1	427	1	1	2	573
4.261	1	1	427	2	1	2	573
4.262	1	1	427	3	1	2	573
4.263	1	1	427	4	1	2	573
4.264	1	1	427	5	1	2	573
4.265	1	1	427	6	1	2	573
4.266	1	1	427	7	1	2	573
4.267	1	1	427	8	1	2	573
4.278	1	1	428	9	1	2	573
4.279	1	1	428	10	1	2	573
4.28	1	1	429	1	1	2	573
4.281	1	1	429	2	1	2	573
4.282	1	1	429	3	1	2	573
4.283	1	1	429	4	1	2	573
4.284	1	1	429	5	1	2	573
4.285	1	1	429	6	1	2	573
4.286	1	1	429	7	1	2	573
4.287	1	1	429	8	1	2	573
4.298	1	1	430	9	1	2	573
4.299	1	1	430	10	1	2	573
4.3	1	1	431	1	1	2	573
4.301	1	1	431	2	1	2	573
4.302	1	1	431	3	1	2	573
4.303	1	1	431	4	1	2	573
4.304	1	1	431	5	1	2	573
4.305	1	1	431	6	1	2	573
4.306	1	1	431	7	1	2	573
4.307	1	1	431	8	1	2	573
4.318	1	1	432	9	1	2	573
4.319	1	1	432	10	1	2	573
4.32	1	1	433	1	1	2	573
4.321	1	1	433	2	1	2	573
4.322	1	1	433	3	1	2	573
4.323	1	1	433	4	1	2	573
4.324	1	1	433	5	1	2	573
4.325	1	1	433	6	1	2	573
4.326	1	1	433	7	1	2	573
4.327	1	1	433	8	1	2	573
4.338	1	1	434	9	1	2	573
4.339	1	1	434	10	1	2	573
4.34	1	1	435	1	1	2	573
4.341	1	1	435	2	1	2	573
4.342	1	1	435	3	1	2	573
4.343	1	1	435	4	1	2	573
4.344	1	1	435	5	1	2	573
4.345	1	1	435	6	1	2	573
4.346	1	1	435	7	1	2	573
4.347	1	1	435	8	1	2	573
4.358	1	1	436	9	1	2	573
4.359	1	1	436	10	1	2	573
4.36	1	1	437	1	1	2	573
4.361	1	1	437	2	1	2	573
4.362	1	1	437	3	1	2	573
4.363	1	1	437	4	1	2	573
4.364	1	1	437	5	1	2	573
4.365	1	1	437	6	1	2	573
4.366	1	1	437	7	1	2	573
4.367	1	1	437	8	1	2	573
4.378	1	1	438	9	1	2	573
4.379	1	1	438	10	1	2	573
4.38	1	1	439	1	1	2	573
4.381	1	1	439	2	1	2	573
4.382	1	1	439	3	1	2	573
4.383	1	1	439	4	1	2	573
4.384	1	1	439	5	1	2	573
4.385	1	1	439	6	1	2	573
4.386	1	1	439	7	1	2	573
4.387	1	1	439	8	1	2	573
4.389	1	1	439	10	1	2	573
4.389	2	1	439	10	1	2	573
4.39	1	1	440	1	1	2	573
4.391	1	1	440	2	1	2	573
4.392	1	1	440	3	1	2	573
4.393	1	1	440	4	1	2	573
4.394	1	1	440	5	1	2	573
4.395	1	1	440	6	1	2	573
4.396	1	1	440	7	1	2	573
4.397	1	1	440	8	1	2	573
4.398	1	1	440	9	1	2	573
4.409	1	1	441	10	1	2	573
4.41	1	1	442	1	1	2	573
4.411	1	1	442	2	1	2	573
4.412	1	1	442	3	1	2	573
4.413	1	1	442	4	1	2	573
4.414	1	1	442	5	1	2	573
4.415	1	1	442	6	1	2	573
4.416	1	1	442	7	1	2	573
4.417	1	1	442	8	1	2	573
4.418	1	1	442	9	1	2	573
4.429	1	1	443	10	1	2	573
4.43	1	1	444	1	1	2	573
4.431	1	1	444	2	1	2	573
4.432	1	1	444	3	1	2	573
4.433	1	1	444	4	1	2	573
4.434	1	1	444	5	1	2	573
4.435	1	1	444	6	1	2	573
4.436	1	1	444	7	1	2	573
4.437	1	1	444	8	1	2	573
4.438	1	1	444	9	1	2	573
4.449	1	1	445	10	1	2	573
4.45	1	1	446	1	1	2	573
4.451	1	1	446	2	1	2	573
4.452	1	1	446	3	1	2	573
4.453	1	1	446	4	1	2	573
4.454	1	1	446	5	1	2	573
4.455	1	1	446	6	1	2	573
4.456	1	1	446	7	1	2	573
4.457	1	1	446	8	1	2	573
4.458	1	1	446	9	1	2	573
4.469	1	1	447	10	1	2	573
4.47	1	1	448	1	1	2	573
4.471	1	1	448	2	1	2	573
4.472	1	1	448	3	1	2	573
4.473	1	1	448	4	1	2	573
4.474	1	1	448	5	1	2	573
4.475	1	1	448	6	1	2	573
4.476	1	1	448	7	1	2	573
4.477	1	1	448	8	1	2	573
4.478	1	1	448	9	1	2	573
4.489	1	1	449	10	1	2	573
4.49	1	1	450	1	1	2	573
4.491	1	1	450	2	1	2	573
4.492	1	1	450	3	1	2	573
4.493	1	1	450	4	1	2	573
4.494	1	1	450	5	1	2	573
4.495	1	1	450	6	1	2	573
4.496	1	1	450	7	1	2	573
4.497	1	1	450	8	1	2	573
4.498	1	1	450	9	1	2	573
4.509	1	1	451	10	1	2	573
4.51	1	1	452	1	1	2	573
4.511	1	1	452	2	1	2	573
4.512	1	1	452	3	1	2	573
4.513	1	1	452	4	1	2	573
4.514	1	1	452	5	1	2	573
4.515	1	1	452	6	1	2	573
4.516	1	1	452	7	1	2	573
4.517	1	1	452	8	1	2	573
4.518	1	1	452	9	1	2	573
4.529	1	1	453	10	1	2	573
4.53	1	1	454	1	1	2	573
4.531	1	1	454	2	1	2	573
4.532	1	1	454	3	1	2	573
4.533	1	1	454	4	1	2	573
4.534	1	1	454	5	1	2	573
4.535	1	1	454	6	1	2	573
4.536	1	1	454	7	1	2	573
4.537	1	1	454	8	1	2	573
4.538	1	1	454	9	1	2	573
4.549	1	1	455	10	1	2	573
4.55	1	1	456	1	1	2	573
4.551	1	1	456	2	1	2	573
4.552	1	1	456	3	1	2	573
4.553	1	1	456	4	1	2	573
4.554	1	1	456	5	1	2	573
4.555	1	1	456	6	1	2	573
4.556	1	1	456	7	1	2	573
4.557	1	1	456	8	1	2	573
4.558	1	1	456	9	1	2	573
4.569	1	1	457	10	1	2	573
4.57	1	1	458	1	1	2	573
4.571	1	1	458	2	1	2	573
4.572	1	1	458	3	1	2	573
4.573	1	1	458	4	1	2	573
4.574	1	1	458	5	1	2	573
4.575	1	1	458	6	1	2	573
4.576	1	1	458	7	1	2	573
4.577	1	1	458	8	1	2	573
4.578	1	1	458	9	1	2	573
4.589	1	1	459	10	1	2	573
4.59	1	1	460	1	1	2	573
4.591	1	1	460	2	1	2	573
4.592	1	1	460	3	1	2	573
4.593	1	1	460	4	1	2	573
4.594	1	1	460	5	1	2	573
4.595	1	1	460	6	1	2	573
4.596	1	1	460	7	1	2	573
4.597	1	1	460	8	1	2	573
4.598	1	1	460	9	1	2	573
4.609	1	1	461	10	1	2	573
4.61	1	1	462	1	1	2	573
4.611	1	1	462	2	1	2	573
4.612	1	1	462	3	1	2	573
4.613	1	1	462	4	1	2	573
4.614	1	1	462	5	1	2	573
4.615	1	1	462	6	1	2	573
4.616	1	1	462	7	1	2	573
4.617	1	1	462	8	1	2	573
4.618	1	1	462	9	1	2	573
4.629	1	1	463	10	1	2	573
4.63	1	1	464	1	1	2	573
4.631	1	1	464	2	1	2	573
4.632	1	1	464	3	1	2	573
4.633	1	1	464	4	1	2	573
4.634	1	1	464	5	1	2	573
4.635	1	1	464	6	1	2	573
4.636	1	1	464	7	1	2	573
4.637	1	1	464	8	1	2	573
4.638	1	1	464	9	1	2	573
4.649	1	1	465	10	1	2	573
4.65	1	1	466	1	1	2	573
4.651	1	1	466	2	1	2	573
4.652	1	1	466	3	1	2	573
4.653	1	1	466	4	1	2	573
4.654	1	1	466	5	1	2	573
4.655	1	1	466	6	1	2	573
4.656	1	1	466	7	1	2	573
4.657	1	1	466	8	1	2	573
4.658	1	1	466	9	1	2	573
4.669	1	1	467	10	1	2	573
4.67	1	1	468	1	1	2	573
4.671	1	1	468	2	1	2	573
4.672	1	1	468	3	1	2	573
4.673	1	1	468	4	1	2	573
4.674	1	1	468	5	1	2	573
4.675	1	1	468	6	1	2	573
4.676	1	1	468	7	1	2	573
4.677	1	1	468	8	1	2	573
4.678	1	1	468	9	1	2	573
4.689	1	1	469	10	1	2	573
4.69	1	1	470	1	1	2	573
4.691	1	1	470	2	1	2	573
4.692	1	1	470	3	1	2	573
4.693	1	1	470	4	1	2	573
4.694	1	1	470	5	1	2	573
4.695	1	1	470	6	1	2	573
4.696	1	1	470	7	1	2	573
4.697	1	1	470	8	1	2	573
4.698	1	1	470	9	1	2	573
4.709	1	1	471	10	1	2	573
4.71	1	1	472	1	1	2	573
4.711	1	1	472	2	1	2	573
4.712	1	1	472	3	1	2	573
4.713	1	1	472	4	1	2	573
4.714	1	1	472	5	1	2	573
4.715	1	1	472	6	1	2	573
4.716	1	1	472	7	1	2	573
4.717	1	1	472	8	1	2	573
4.718	1	1	472	9	1	2	573
4.729	1	1	473	10	1	2	573
4.73	1	1	474	1	1	2	573
4.731	1	1	474	2	1	2	573
4.732	1	1	474	3	1	2	573
4.733	1	1	474	4	1	2	573
4.734	1	1	474	5	1	2	573
4.735	1	1	474	6	1	2	573
4.736	1	1	474	7	1	2	573
4.737	1	1	474	8	1	2	573
4.738	1	1	474	9	1	2	573
4.749	1	1	475	10	1	2	573
4.75	1	1	476	1	1	2	573
4.751	1	1	476	2	1	2	573
4.752	1	1	476	3	1	2	573
4.753	1	1	476	4	1	2	573
4.754	1	1	476	5	1	2	573
4.755	1	1	476	6	1	2	573
4.756	1	1	476	7	1	2	573
4.757	1	1	476	8	1	2	573
4.758	1	1	476	9	1	2	573
4.769	1	1	477	10	1	2	573
4.77	1	1	478	1	1	2	573
4.771	1	1	478	2	1	2	573
4.772	1	1	478	3	1	2	573
4.773	1	1	478	4	1	2	573
4.774	1	1	478	5	1	2	573
4.775	1	1	478	6	1	2	573
4.776	1	1	478	7	1	2	573
4.777	1	1	478	8	1	2	573
4.778	1	1	478	9	1	2	573
4.789	1	1	479	10	1	2	573
4.79	1	1	480	1	1	2	573
4.791	1	1	480	2	1	2	573
4.792	1	1	480	3	1	2	573
4.793	1	1	480	4	1	2	573
4.794	1	1	480	5	1	2	573
4.795	1	1	480	6	1	2	573
4.796	1	1	480	7	1	2	573
4.797	1	1	480	8	1	2	573
4.798	1	1	480	9	1	2	573
4.809	1	1	481	10	1	2	573
4.81	1	1	482	1	1	2	573
4.811	1	1	482	2	1	2	573
4.812	1	1	482	3	1	2	573
4.813	1	1	482	4	1	2	573
4.814	1	1	482	5	1	2	573
4.815	1	1	482	6	1	2	573
4.816	1	1	482	7	1	2	573
4.817	1	1	482	8	1	2	573
4.818	1	1	482	9	1	2	573
4.829	1	1	483	10	1	2	573
4.83	1	1	484	1	1	2	573
4.831	1	1	484	2	1	2	573
4.832	1	1	484	3	1	2	573
4.833	1	1	484	4	1	2	573
4.834	1	1	484	5	1	2	573
4.835	1	1	484	6	1	2	573
4.836	1	1	484	7	1	2	573
4.837	1	1	484	8	1	2	573
4.838	1	1	484	9	1	2	573
4.849	1	1	485	10	1	2	573
4.85	1	1	486	1	1	2	573
4.851	1	1	486	2	1	2	573
4.852	1	1	486	3	1	2	573
4.853	1	1	486	4	1	2	573
4.854	1	1	486	5	1	2	573
4.855	1	1	486	6	1	2	573
4.856	1	1	486	7	1	2	573
4.857	1	1	486	8	1	2	573
4.858	1	1	486	9	1	2	573
4.869	1	1	487	10	1	2	573
4.87	1	1	488	1	1	2	573
4.871	1	1	488	2	1	2	573
4.872	1	1	488	3	1	2	573
4.873	1	1	488	4	1	2	573
4.874	1	1	488	5	1	2	573
4.875	1	1	488	6	1	2	573
4.876	1	1	488	7	1	2	573
4.877	1	1	488	8	1	2	573
4.878	1	1	488	9	1	2	573
4.889	1	1	489	10	1	2	573
4.89	1	1	490	1	1	2	573
4.891	1	1	490	2	1	2	573
4.892	1	1	490	3	1	2	573
4.893	1	1	490	4	1	2	573
4.894	1	1	490	5	1	2	573
4.895	1	1	490	6	1	2	573
4.896	1	1	490	7	1	2	573
4.897	1	1	490	8	1	2	573
4.898	1	1	490	9	1	2	573
4.909	1	1	491	10	1	2	573
4.91	1	1	492	1	1	2	573
4.911	1	1	492	2	1	2	573
4.912	1	1	492	3	1	2	573
4.913	1	1	492	4	1	2	573
4.914	1	1	492	5	1	2	573
4.915	1	1	492	6	1	2	573
4.916	1	1	492	7	1	2	573
4.917	1	1	492	8	1	2	573
4.918	1	1	492	9	1	2	573
4.929	1	1	493	10	1	2	573
4.93	1	1	494	1	1	2	573
4.931	1	1	494	2	1	2	573
4.932	1	1	494	3	1	2	573
4.933	1	1	494	4	1	2	573
4.934	1	1	494	5	1	2	573
4.935	1	1	494	6	1	2	573
4.936	1	1	494	7	1	2	573
4.937	1	1	494	8	1	2	573
4.938	1	1	494	9	1	2	573
4.949	1	1	495	10	1	2	573
4.95	1	1	496	1	1	2	573
4.951	1	1	496	2	1	2	573
4.952	1	1	496	3	1	2	573
4.953	1	1	496	4	1	2	573
4.954	1	1	496	5	1	2	573
4.955	1	1	496	6	1	2	573
4.956	1	1	496	7	1	2	573
4.957	1	1	496	8	1	2	573
4.958	1	1	496	9	1	2	573
4.969	1	1	497	10	1	2	573
4.97	1	1	498	1	1	2	573
4.971	1	1	498	2	1	2	573
4.972	1	1	498	3	1	2	573
4.973	1	1	498	4	1	2	573
4.974	1	1	498	5	1	2	573
4.975	1	1	498	6	1	2	573
4.976	1	1	498	7	1	2	573
4.977	1	1	498	8	1	2	573
4.978	1	1	498	9	1	2	573
4.989	1	1	499	10	1	2	573
4.99	1	1	500	1	1	2	573
4.991	1	1	500	2	1	2	573
4.992	1	1	500	3	1	2	573
4.993	1	1	500	4	1	2	573
4.994	1	1	500	5	1	2	573
4.995	1	1	500	6	1	2	573
4.996	1	1	500	7	1	2	573
4.997	1	1	500	8	1	2	573
4.998	1	1	500	9	1	2	573
5.009	1	1	501	10	1	2	573
5.01	1	1	502	1	1	2	573
5.011	1	1	502	2	1	2	573
5.012	1	1	502	3	1	2	573
5.013	1	1	502	4	1	2	573
5.014	1	1	502	5	1	2	573
5.015	1	1	502	6	1	2	573
5.016	1	1	502	7	1	2	573
5.017	1	1	502	8	1	2	573
5.018	1	1	502	9	1	2	573
5.029	1	1	503	10	1	2	573
5.03	1	1	504	1	1	2	573
5.031	1	1	504	2	1	2	573
5.032	1	1	504	3	1	2	573
5.033	1	1	504	4	1	2	573
5.034	1	1	504	5	1	2	573
5.035	1	1	504	6	1	2	573
5.036	1	1	504	7	1	2	573
5.037	1	1	504	8	1	2	573
5.038	1	1	504	9	1	2	573
5.049	1	1	505	10	1	2	573
5.05	1	1	506	1	1	2	573
5.051	1	1	506	2	1	2	573
5.052	1	1	506	3	1	2	573
5.053	1	1	506	4	1	2	573
5.054	1	1	506	5	1	2	573
5.055	1	1	506	6	1	2	573
5.056	1	1	506	7	1	2	573
5.057	1	1	506	8	1	2	573
5.058	1	1	506	9	1	2	573
5.069	1	1	507	10	1	2	573
5.07	1	1	508	1	1	2	573
5.071	1	1	508	2	1	2	573
5.072	1	1	508	3	1	2	573
5.073	1	1	508	4	1	2	573
5.074	1	1	508	5	1	2	573
5.075	1	1	508	6	1	2	573
5.076	1	1	508	7	1	2	573
5.077	1	1	508	8	1	2	573
5.078	1	1	508	9	1	2	573
5.089	1	1	509	10	1	2	573
5.09	1	1	510	1	1	2	573
5.091	1	1	510	2	1	2	573
5.092	1	1	510	3	1	2	573
5.093	1	1	510	4	1	2	573
5.094	1	1	510	5	1	2	573
5.095	1	1	510	6	1	2	573
5.096	1	1	510	7	1	2	573
5.097	1	1	510	8	1	2	573
5.098	1	1	510	9	1	2	573
5.109	1	1	511	10	1	2	573
5.11	1	1	512	1	1	2	573
5.111	1	1	512	2	1	2	573
5.112	1	1	512	3	1	2	573
5.113	1	1	512	4	1	2	573
5.114	1	1	512	5	1	2	573
5.115	1	1	512	6	1	2	573
5.116	1	1	512	7	1	2	573
5.117	1	1	512	8	1	2	573
5.118	1	1	512	9	1	2	573
5.129	1	1	513	10	1	2	573
5.13	1	1	514	1	1	2	573
5.131	1	1	514	2	1	2	573
5.132	1	1	514	3	1	2	573
5.133	1	1	514	4	1	2	573
5.134	1	1	514	5	1	2	573
5.135	1	1	514	6	1	2	573
5.136	1	1	514	7	1	2	573
5.137	1	1	514	8	1	2	573
5.138	1	1	514	9	1	2	573
5.149	1	1	515	10	1	2	573
5.15	1	1	516	1	1	2	573
5.151	1	1	516	2	1	2	573
5.152	1	1	516	3	1	2	573
5.153	1	1	516	4	1	2	573
5.154	1	1	516	5	1	2	573
5.155	1	1	516	6	1	2	573
5.156	1	1	516	7	1	2	573
5.157	1	1	516	8	1	2	573
5.158	1	1	516	9	1	2	573
5.169	1	1	517	10	1	2	573
5.17	1	1	518	1	1	2	573
5.171	1	1	518	2	1	2	573
5.172	1	1	518	3	1	2	573
5.173	1	1	518	4	1	2	573
5.174	1	1	518	5	1	2	573
5.175	1	1	518	6	1	2	573
5.176	1	1	518	7	1	2	573
5.177	1	1	518	8	1	2	573
5.178	1	1	518	9	1	2	573
5.189	1	1	519	10	1	2	573
5.19	1	1	520	1	1	2	573
5.191	1	1	520	2	1	2	573
5.192	1	1	520	3	1	2	573
5.193	1	1	520	4	1	2	573
5.194	1	1	520	5	1	2	573
5.195	1	1	520	6	1	2	573
5.196	1	1	520	7	1	2	573
5.197	1	1	520	8	1	2	573
5.198	1	1	520	9	1	2	573
5.209	1	1	521	10	1	2	573
5.21	1	1	522	1	1	2	573
5.211	1	1	522	2	1	2	573
5.212	1	1	522	3	1	2	573
5.213	1	1	522	4	1	2	573
5.214	1	1	522	5	1	2	573
5.215	1	1	522	6	1	2	573
5.216	1	1	522	7	1	2	573
5.217	1	1	522	8	1	2	573
5.218	1	1	522	9	1	2	573
5.229	1	1	523	10	1	2	573
5.23	1	1	524	1	1	2	573
5.231	1	1	524	2	1	2	573
5.232	1	1	524	3	1	2	573
5.233	1	1	524	4	1	2	573
5.234	1	1	524	5	1	2	573
5.235	1	1	524	6	1	2	573
5.236	1	1	524	7	1	2	573
5.237	1	1	524	8	1	2	573
5.238	1	1	524	9	1	2	573
5.249	1	1	525	10	1	2	573
5.25	1	1	526	1	1	2	573
5.251	1	1	526	2	1	2	573
5.252	1	1	526	3	1	2	573
5.253	1	1	526	4	1	2	573
5.254	1	1	526	5	1	2	573
5.255	1	1	526	6	1	2	573
5.256	1	1	526	7	1	2	573
5.257	1	1	526	8	1	2	573
5.258	1	1	526	9	1	2	573
5.269	1	1	527	10	1	2	573
5.27	1	1	528	1	1	2	573
5.271	1	1	528	2	1	2	573
5.272	1	1	528	3	1	2	573
5.273	1	1	528	4	1	2	573
5.274	1	1	528	5	1	2	573
5.275	1	1	528	6	1	2	573
5.276	1	1	528	7	1	2	573
5.277	1	1	528	8	1	2	573
5.278	1	1	528	9	1	2	573
5.289	1	1	529	10	1	2	573
5.29	1	1	530	1	1	2	573
5.291	1	1	530	2	1	2	573
5.292	1	1	530	3	1	2	573
5.293	1	1	530	4	1	2	573
5.294	1	1	530	5	1	2	573
5.295	1	1	530	6	1	2	573
5.296	1	1	530	7	1	2	573
5.297	1	1	530	8	1	2	573
5.298	1	1	530	9	1	2	573
5.309	1	1	531	10	1	2	573
5.31	1	1	532	1	1	2	573
5.311	1	1	532	2	1	2	573
5.312	1	1	532	3	1	2	573
5.313	1	1	532	4	1	2	573
5.314	1	1	532	5	1	2	573
5.315	1	1	532	6	1	2	573
5.316	1	1	532	7	1	2	573
5.317	1	1	532	8	1	2	573
5.318	1	1	532	9	1	2	573
5.329	1	1	533	10	1	2	573
5.33	1	1	534	1	1	2	573
5.331	1	1	534	2	1	2	573
5.332	1	1	534	3	1	2	573
5.333	1	1	534	4	1	2	573
5.334	1	1	534	5	1	2	573
5.335	1	1	534	6	1	2	573
5.336	1	1	534	7	1	2	573
5.337	1	1	534	8	1	2	573
5.338	1	1	534	9	1	2	573
5.349	1	1	535	10	1	2	573
5.35	1	1	536	1	1	2	573
5.351	1	1	536	2	1	2	573
5.352	1	1	536	3	1	2	573
5.353	1	1	536	4	1	2	573
5.354	1	1	536	5	1	2	573
5.355	1	1	536	6	1	2	573
5.356	1	1	536	7	1	2	573
5.357	1	1	536	8	1	2	573
5.358	1	1	536	9	1	2	573
5.369	1	1	537	10	1	2	573
5.37	1	1	538	1	1	2	573
5.371	1	1	538	2	1	2	573
5.372	1	1	538	3	1	2	573
5.373	1	1	538	4	1	2	573
5.374	1	1	538	5	1	2	573
5.375	1	1	538	6	1	2	573
5.376	1	1	538	7	1	2	573
5.377	1	1	538	8	1	2	573
5.378	1	1	538	9	1	2	573
5.389	1	1	539	10	1	2	573
5.39	1	1	540	1	1	2	573
5.391	1	1	540	2	1	2	573
5.392	1	1	540	3	1	2	573
5.393	1	1	540	4	1	2	573
5.394	1	1	540	5	1	2	573
5.395	1	1	540	6	1	2	573
5.396	1	1	540	7	1	2	573
5.397	1	1	540	8	1	2	573
5.398	1	1	540	9	1	2	573
5.409	1	1	541	10	1	2	573
5.41	1	1	542	1	1	2	573
5.411	1	1	542	2	1	2	573
5.412	1	1	542	3	1	2	573
5.413	1	1	542	4	1	2	573
5.414	1	1	542	5	1	2	573
5.415	1	1	542	6	1	2	573
5.416	1	1	542	7	1	2	573
5.417	1	1	542	8	1	2	573
5.418	1	1	542	9	1	2	573
5.429	1	1	543	10	1	2	573
5.43	1	1	544	1	1	2	573
5.431	1	1	544	2	1	2	573
5.432	1	1	544	3	1	2	573
5.433	1	1	544	4	1	2	573
5.434	1	1	544	5	1	2	573
5.435	1	1	544	6	1	2	573
5.436	1	1	544	7	1	2	573
5.437	1	1	544	8	1	2	573
5.438	1	1	544	9	1	2	573
5.449	1	1	545	10	1	2	573
5.45	1	1	546	1	1	2	573
5.451	1	1	546	2	1	2	573
5.452	1	1	546	3	1	2	573
5.453	1	1	546	4	1	2	573
5.454	1	1	546	5	1	2	573
5.455	1	1	546	6	1	2	573
5.456	1	1	546	7	1	2	573
5.457	1	1	546	8	1	2	573
5.458	1	1	546	9	1	2	573
5.469	1	1	547	10	1	2	573
5.47	1	1	548	1	1	2	573
5.471	1	1	548	2	1	2	573
5.472	1	1	548	3	1	2	573
5.473	1	1	548	4	1	2	573
5.474	1	1	548	5	1	2	573
5.475	1	1	548	6	1	2	573
5.476	1	1	548	7	1	2	573
5.477	1	1	548	8	1	2	573
5.478	1	1	548	9	1	2	573
5.489	1	1	549	10	1	2	573
5.49	1	1	550	1	1	2	573
5.491	1	1	550	2	1	2	573
5.492	1	1	550	3	1	2	573
5.493	1	1	550	4	1	2	573
5.494	1	1	550	5	1	2	573
5.495	1	1	550	6	1	2	573
5.496	1	1	550	7	1	2	573
5.497	1	1	550	8	1	2	573
5.498	1	1	550	9	1	2	573
