% time	cellId	IMSI	RNTI	layer	mcs	size	rv	ndi	correct
1025	1	1	1	0	2	573	0	1	1
1025	2	1	1	0	2	573	0	1	1
1060	1	1	1	0	2	573	0	1	1
1060	2	1	1	0	2	573	0	1	1
1095	1	1	1	0	2	573	0	1	1
1095	2	1	1	0	2	573	0	1	1
1130	1	1	1	0	2	573	0	1	1
1130	2	1	1	0	2	573	0	1	1
1165	1	1	1	0	2	573	0	1	1
1165	2	1	1	0	2	573	0	1	1
1200	1	1	1	0	2	573	0	1	1
1200	2	1	1	0	2	573	0	1	1
1235	1	1	1	0	2	573	0	1	1
1235	2	1	1	0	2	573	0	1	1
1270	1	1	1	0	2	573	0	1	1
1270	2	1	1	0	2	573	0	1	1
1305	1	1	1	0	2	573	0	1	1
1305	2	1	1	0	2	573	0	1	1
1340	1	1	1	0	2	573	0	1	1
1340	2	1	1	0	2	573	0	1	1
1341	1	1	1	0	2	573	0	1	1
1364	1	1	1	0	28	9422	0	1	1
1369	1	1	1	0	2	573	0	1	1
1375	1	1	1	0	28	9422	0	1	0
1375	2	1	1	0	2	573	0	1	1
1401	1	1	1	0	2	573	0	1	1
1404	2	1	1	0	2	573	0	1	1
1426	1	1	1	0	28	9422	0	1	1
1429	1	1	1	0	28	9422	0	1	1
1457	1	1	1	0	2	573	0	1	1
1461	1	1	1	0	2	573	0	1	1
1461	2	1	1	0	2	573	0	1	1
1462	1	1	1	0	2	573	0	1	1
1463	1	1	1	0	2	573	0	1	1
1464	1	1	1	0	28	9422	0	1	1
1465	1	1	1	0	28	9422	0	1	1
1492	1	1	1	0	2	573	0	1	1
1492	2	1	1	0	2	573	0	1	1
1493	1	1	1	0	2	573	0	1	1
1494	1	1	1	0	2	573	0	1	1
1495	1	1	1	0	2	573	0	1	1
1496	1	1	1	0	2	573	0	1	1
1500	1	1	1	0	28	9422	0	1	1
1501	1	1	1	0	28	9422	0	1	1
1502	1	1	1	0	28	9422	0	1	1
1503	1	1	1	0	28	9422	0	1	1
1504	1	1	1	0	28	9422	0	1	1
1505	1	1	1	0	28	9422	0	1	1
1506	1	1	1	0	28	9422	0	1	1
1507	1	1	1	0	28	9422	0	1	1
1510	2	1	1	0	2	573	0	1	1
1534	1	1	1	0	2	573	0	1	1
1535	1	1	1	0	2	573	0	1	1
1536	1	1	1	0	2	573	0	1	1
1539	1	1	1	0	2	573	0	1	1
1539	2	1	1	0	2	573	0	1	1
1540	1	1	1	0	2	573	0	1	1
1541	1	1	1	0	28	9422	0	1	1
1542	1	1	1	0	28	9422	0	1	1
1543	1	1	1	0	28	9422	0	1	1
1544	1	1	1	0	28	9422	0	1	1
1545	1	1	1	0	28	9422	0	1	1
1546	1	1	1	0	2	573	0	1	1
1573	1	1	1	0	2	573	0	1	1
1573	2	1	1	0	2	573	0	1	1
1584	1	1	1	0	2	573	0	1	1
1585	1	1	1	0	2	573	0	1	1
1586	1	1	1	0	2	573	0	1	1
1587	1	1	1	0	2	573	0	1	1
1588	1	1	1	0	2	573	0	1	1
1589	1	1	1	0	2	573	0	1	1
1590	1	1	1	0	2	573	0	1	1
1591	1	1	1	0	28	9422	0	1	0
1591	2	1	1	0	2	573	0	1	1
1618	1	1	1	0	2	573	0	1	1
1619	1	1	1	0	2	573	0	1	1
1620	1	1	1	0	2	573	0	1	1
1621	1	1	1	0	2	573	0	1	1
1622	1	1	1	0	2	573	0	1	1
1623	1	1	1	0	2	573	0	1	1
1623	2	1	1	0	2	573	0	1	1
1624	1	1	1	0	2	573	0	1	1
1625	1	1	1	0	28	9422	0	1	1
1626	1	1	1	0	28	9422	0	1	1
1627	1	1	1	0	28	9422	0	1	1
1628	1	1	1	0	28	9422	0	1	1
1629	1	1	1	0	28	9422	0	1	1
1656	2	1	1	0	2	573	0	1	1
1666	1	1	1	0	2	573	0	1	1
1667	1	1	1	0	2	573	0	1	1
1668	1	1	1	0	2	573	0	1	1
1669	1	1	1	0	2	573	0	1	1
1670	1	1	1	0	2	573	0	1	1
1671	1	1	1	0	2	573	0	1	1
1672	1	1	1	0	2	573	0	1	1
1673	1	1	1	0	28	9422	0	1	1
1674	2	1	1	0	28	9422	0	1	1
1700	1	1	1	0	2	573	0	1	1
1701	1	1	1	0	2	573	0	1	1
1702	1	1	1	0	2	573	0	1	1
1703	1	1	1	0	2	573	0	1	1
1704	1	1	1	0	2	573	0	1	1
1705	1	1	1	0	2	573	0	1	1
1705	2	1	1	0	2	573	0	1	1
1706	1	1	1	0	2	573	0	1	1
1707	1	1	1	0	28	9422	0	1	1
1708	1	1	1	0	28	9422	0	1	1
1709	1	1	1	0	28	9422	0	1	1
1710	1	1	1	0	28	9422	0	1	1
1711	1	1	1	0	28	9422	0	1	1
1712	1	1	1	0	2	573	0	1	1
1739	1	1	1	0	2	573	0	1	1
1739	2	1	1	0	2	573	0	1	1
1750	1	1	1	0	2	573	0	1	1
1751	1	1	1	0	2	573	0	1	1
1752	1	1	1	0	2	573	0	1	1
1753	1	1	1	0	2	573	0	1	1
1754	1	1	1	0	2	573	0	1	1
1755	1	1	1	0	2	573	0	1	1
1756	1	1	1	0	2	573	0	1	1
1757	1	1	1	0	28	9422	0	1	0
1757	2	1	1	0	2	573	0	1	1
1784	1	1	1	0	2	573	0	1	1
1785	1	1	1	0	2	573	0	1	1
1786	1	1	1	0	2	573	0	1	1
1787	1	1	1	0	2	573	0	1	1
1788	1	1	1	0	2	573	0	1	1
1789	1	1	1	0	2	573	0	1	1
1789	2	1	1	0	2	573	0	1	1
1790	1	1	1	0	2	573	0	1	1
1791	1	1	1	0	28	9422	0	1	1
1792	1	1	1	0	28	9422	0	1	1
1793	1	1	1	0	28	9422	0	1	1
1794	1	1	1	0	28	9422	0	1	1
1795	1	1	1	0	28	9422	0	1	1
1822	2	1	1	0	2	573	0	1	1
1832	1	1	1	0	2	573	0	1	1
1833	1	1	1	0	2	573	0	1	1
1834	1	1	1	0	2	573	0	1	1
1835	1	1	1	0	2	573	0	1	1
1836	1	1	1	0	2	573	0	1	1
1837	1	1	1	0	2	573	0	1	1
1838	1	1	1	0	2	573	0	1	1
1839	1	1	1	0	28	9422	0	1	1
1840	2	1	1	0	28	9422	0	1	1
1866	1	1	1	0	2	573	0	1	1
1867	1	1	1	0	2	573	0	1	1
1868	1	1	1	0	2	573	0	1	1
1869	1	1	1	0	2	573	0	1	1
1870	1	1	1	0	2	573	0	1	1
1871	1	1	1	0	2	573	0	1	1
1871	2	1	1	0	2	573	0	1	1
1872	1	1	1	0	2	573	0	1	1
1873	1	1	1	0	28	9422	0	1	1
1874	1	1	1	0	28	9422	0	1	1
1875	1	1	1	0	28	9422	0	1	1
1876	1	1	1	0	28	9422	0	1	1
1877	1	1	1	0	28	9422	0	1	1
1878	1	1	1	0	2	573	0	1	1
1905	1	1	1	0	2	573	0	1	1
1905	2	1	1	0	2	573	0	1	1
1916	1	1	1	0	2	573	0	1	1
1917	1	1	1	0	2	573	0	1	1
1918	1	1	1	0	2	573	0	1	1
1919	1	1	1	0	2	573	0	1	1
1920	1	1	1	0	2	573	0	1	1
1921	1	1	1	0	2	573	0	1	1
1922	1	1	1	0	2	573	0	1	1
1923	1	1	1	0	28	9422	0	1	0
1923	2	1	1	0	2	573	0	1	1
1950	1	1	1	0	2	573	0	1	1
1951	1	1	1	0	2	573	0	1	1
1952	1	1	1	0	2	573	0	1	1
1953	1	1	1	0	2	573	0	1	1
1954	1	1	1	0	2	573	0	1	1
1955	1	1	1	0	2	573	0	1	1
1955	2	1	1	0	2	573	0	1	1
1956	1	1	1	0	2	573	0	1	1
1957	1	1	1	0	28	9422	0	1	1
1958	1	1	1	0	28	9422	0	1	1
1959	1	1	1	0	28	9422	0	1	1
1960	1	1	1	0	28	9422	0	1	1
1961	1	1	1	0	28	9422	0	1	1
1988	2	1	1	0	2	573	0	1	1
1998	1	1	1	0	28	9422	0	1	1
1999	1	1	1	0	28	9422	0	1	1
2000	1	1	1	0	28	9422	0	1	1
2001	1	1	1	0	28	9422	0	1	1
2002	1	1	1	0	28	9422	0	1	1
2003	1	1	1	0	28	9422	0	1	1
2004	1	1	1	0	28	9422	0	1	1
2005	1	1	1	0	28	9422	0	1	1
2006	2	1	1	0	28	9422	0	1	1
2032	1	1	1	0	28	9422	0	1	1
2033	1	1	1	0	28	9422	0	1	1
2037	1	1	1	0	28	9422	0	1	0
2037	2	1	1	0	28	9422	0	1	0
2038	1	1	1	0	28	9422	0	1	1
2039	1	1	1	0	28	9422	0	1	1
2040	1	1	1	0	28	9422	0	1	1
2041	1	1	1	0	28	9422	0	1	1
2042	1	1	1	0	28	9422	0	1	1
2043	1	1	1	0	28	9422	0	1	1
2044	1	1	1	0	28	9422	1	0	1
2045	1	1	1	0	28	9422	0	1	1
2071	1	1	1	0	28	9422	0	1	0
2071	2	1	1	0	2	573	0	1	1
2086	1	1	1	0	2	573	0	1	1
2087	1	1	1	0	2	573	0	1	1
2088	1	1	1	0	2	573	0	1	1
2089	1	1	1	0	2	573	0	1	1
2089	2	1	1	0	2	573	0	1	1
2090	1	1	1	0	2	573	0	1	1
2091	1	1	1	0	2	573	0	1	1
2092	1	1	1	0	2	573	0	1	1
2093	1	1	1	0	28	9422	0	1	1
2120	1	1	1	0	28	9422	0	1	0
2120	2	1	1	0	2	573	0	1	1
2121	1	1	1	0	28	9422	0	1	1
2127	1	1	1	0	28	9422	1	0	1
2128	1	1	1	0	28	9422	0	1	1
2129	1	1	1	0	28	9422	0	1	1
2130	1	1	1	0	28	9422	0	1	1
2131	1	1	1	0	28	9422	0	1	1
2132	1	1	1	0	28	9422	0	1	1
2133	1	1	1	0	28	9422	0	1	1
2134	1	1	1	0	28	9422	0	1	1
2135	1	1	1	0	28	9422	0	1	1
2138	2	1	1	0	2	573	0	1	1
2162	1	1	1	0	28	9422	0	1	1
2163	1	1	1	0	28	9422	0	1	1
2168	2	1	1	0	2	573	0	1	1
2169	1	1	1	0	28	9422	0	1	1
2170	1	1	1	0	28	9422	0	1	1
2171	1	1	1	0	28	9422	0	1	1
2172	1	1	1	0	28	9422	0	1	1
2173	1	1	1	0	28	9422	0	1	1
2174	1	1	1	0	28	9422	0	1	1
2175	1	1	1	0	28	9422	0	1	1
2176	1	1	1	0	28	9422	0	1	1
2203	1	1	1	0	28	9422	0	1	0
2203	2	1	1	0	28	9422	0	1	0
2210	2	1	1	0	28	9422	1	0	1
2215	1	1	1	0	2	573	0	1	1
2216	1	1	1	0	2	573	0	1	1
2217	1	1	1	0	2	573	0	1	1
2218	1	1	1	0	2	573	0	1	1
2219	1	1	1	0	2	573	0	1	1
2220	1	1	1	0	2	573	0	1	1
2221	1	1	1	0	2	573	0	1	1
2221	2	1	1	0	28	9422	0	1	0
2222	1	1	1	0	28	9422	0	1	1
2249	1	1	1	0	2	573	0	1	1
2249	2	1	1	0	2	573	0	1	1
2250	1	1	1	0	2	573	0	1	1
2251	1	1	1	0	2	573	0	1	1
2252	1	1	1	0	2	573	0	1	1
2264	1	1	1	0	28	9422	0	1	1
2265	1	1	1	0	28	9422	0	1	1
2266	1	1	1	0	28	9422	0	1	1
2267	1	1	1	0	28	9422	0	1	0
2267	2	1	1	0	2	573	0	1	1
2268	1	1	1	0	28	9422	0	1	1
2269	1	1	1	0	28	9422	0	1	1
2270	1	1	1	0	28	9422	0	1	1
2271	1	1	1	0	28	9422	0	1	1
2298	1	1	1	0	2	573	0	1	1
2298	2	1	1	0	2	573	0	1	1
2299	1	1	1	0	2	573	0	1	1
2300	1	1	1	0	2	573	0	1	1
2301	1	1	1	0	2	573	0	1	1
2306	1	1	1	0	28	9422	0	1	1
2307	1	1	1	0	28	9422	0	1	1
2308	1	1	1	0	28	9422	0	1	1
2335	1	1	1	0	2	573	0	1	1
2335	2	1	1	0	2	573	0	1	1
2343	1	1	1	0	2	573	0	1	1
2344	1	1	1	0	2	573	0	1	1
2345	1	1	1	0	2	573	0	1	1
2346	1	1	1	0	2	573	0	1	1
2347	1	1	1	0	2	573	0	1	1
2353	2	1	1	0	2	573	0	1	1
2374	1	1	1	0	2	573	0	1	1
2375	1	1	1	0	2	573	0	1	1
2379	1	1	1	0	2	573	0	1	1
2379	2	1	1	0	2	573	0	1	1
2380	1	1	1	0	2	573	0	1	1
2381	1	1	1	0	28	9422	0	1	1
2382	1	1	1	0	28	9422	0	1	1
2383	1	1	1	0	28	9422	0	1	1
2384	1	1	1	0	28	9422	0	1	1
2385	1	1	1	0	28	9422	0	1	1
2386	1	1	1	0	2	573	0	1	1
2410	2	1	1	0	2	573	0	1	1
2411	1	1	1	0	2	573	0	1	1
2412	1	1	1	0	2	573	0	1	1
2413	1	1	1	0	2	573	0	1	1
2414	1	1	1	0	2	573	0	1	1
2415	1	1	1	0	2	573	0	1	1
2417	1	1	1	0	2	573	0	1	1
2418	1	1	1	0	28	9422	0	1	1
2419	1	1	1	0	28	9422	0	1	1
2420	1	1	1	0	28	9422	0	1	1
2421	1	1	1	0	28	9422	0	1	1
2428	2	1	1	0	28	9422	0	1	1
2446	2	1	1	0	28	9422	0	1	1
2447	1	1	1	0	2	573	0	1	1
2448	1	1	1	0	2	573	0	1	1
2449	1	1	1	0	2	573	0	1	1
2450	1	1	1	0	2	573	0	1	1
2451	1	1	1	0	2	573	0	1	1
2452	1	1	1	0	2	573	0	1	1
2453	1	1	1	0	2	573	0	1	1
2454	1	1	1	0	28	9422	0	1	1
2455	1	1	1	0	28	9422	0	1	1
2456	1	1	1	0	28	9422	0	1	1
2457	1	1	1	0	28	9422	0	1	1
2458	1	1	1	0	28	9422	0	1	1
2464	2	1	1	0	28	9422	0	1	1
2482	2	1	1	0	28	9422	0	1	1
2483	1	1	1	0	28	9422	0	1	1
2484	1	1	1	0	28	9422	0	1	1
2485	1	1	1	0	28	9422	0	1	1
2489	1	1	1	0	2	573	0	1	1
2490	1	1	1	0	28	9422	0	1	1
2491	1	1	1	0	28	9422	0	1	1
2492	1	1	1	0	28	9422	0	1	1
2493	1	1	1	0	28	9422	0	1	1
2500	2	1	1	0	28	9422	0	1	1
2518	2	1	1	0	28	9422	0	1	1
2519	1	1	1	0	28	9422	0	1	1
2520	1	1	1	0	28	9422	0	1	1
2521	1	1	1	0	28	9422	0	1	1
2525	1	1	1	0	28	9422	0	1	1
2526	1	1	1	0	28	9422	0	1	1
2527	1	1	1	0	2	573	0	1	1
2528	1	1	1	0	28	9422	0	1	1
2529	1	1	1	0	28	9422	0	1	1
2530	1	1	1	0	28	9422	0	1	1
2536	2	1	1	0	2	573	0	1	1
2554	2	1	1	0	28	9422	0	1	1
2555	1	1	1	0	28	9422	0	1	1
2556	1	1	1	0	28	9422	0	1	1
2557	1	1	1	0	28	9422	0	1	1
2561	1	1	1	0	28	9422	0	1	1
2562	1	1	1	0	28	9422	0	1	1
2563	1	1	1	0	28	9422	0	1	1
2564	1	1	1	0	28	9422	0	1	1
2565	1	1	1	0	28	9422	0	1	1
2572	2	1	1	0	2	573	0	1	1
2590	2	1	1	0	28	9422	0	1	1
2591	1	1	1	0	28	9422	0	1	1
2592	1	1	1	0	28	9422	0	1	1
2593	1	1	1	0	28	9422	0	1	1
2597	1	1	1	0	28	9422	0	1	1
2598	1	1	1	0	28	9422	0	1	1
2599	1	1	1	0	28	9422	0	1	1
2600	1	1	1	0	28	9422	0	1	1
2601	1	1	1	0	28	9422	0	1	1
2602	1	1	1	0	28	9422	0	1	1
2608	2	1	1	0	2	573	0	1	1
2626	2	1	1	0	28	9422	0	1	1
2627	1	1	1	0	28	9422	0	1	1
2628	1	1	1	0	28	9422	0	1	1
2629	1	1	1	0	28	9422	0	1	1
2633	1	1	1	0	28	9422	0	1	1
2634	1	1	1	0	28	9422	0	1	1
2635	1	1	1	0	28	9422	0	1	1
2636	1	1	1	0	28	9422	0	1	1
2637	1	1	1	0	28	9422	0	1	1
2644	2	1	1	0	28	9422	0	1	1
2662	2	1	1	0	28	9422	0	1	1
2663	1	1	1	0	2	573	0	1	1
2664	1	1	1	0	2	573	0	1	1
2665	1	1	1	0	2	573	0	1	1
2666	1	1	1	0	2	573	0	1	1
2667	1	1	1	0	2	573	0	1	1
2668	1	1	1	0	2	573	0	1	1
2669	1	1	1	0	2	573	0	1	1
2670	1	1	1	0	28	9422	0	1	1
2671	1	1	1	0	28	9422	0	1	1
2672	1	1	1	0	28	9422	0	1	1
2673	1	1	1	0	28	9422	0	1	1
2674	1	1	1	0	28	9422	0	1	1
2680	2	1	1	0	28	9422	0	1	1
2698	2	1	1	0	2	573	0	1	1
2699	1	1	1	0	2	573	0	1	1
2700	1	1	1	0	2	573	0	1	1
2701	1	1	1	0	2	573	0	1	1
2702	1	1	1	0	2	573	0	1	1
2705	1	1	1	0	2	573	0	1	1
2706	1	1	1	0	28	9422	0	1	1
2707	1	1	1	0	28	9422	0	1	1
2708	1	1	1	0	28	9422	0	1	1
2709	1	1	1	0	28	9422	0	1	1
2716	2	1	1	0	28	9422	0	1	1
2734	2	1	1	0	2	573	0	1	1
2735	1	1	1	0	2	573	0	1	1
2736	1	1	1	0	2	573	0	1	1
2737	1	1	1	0	2	573	0	1	1
2738	1	1	1	0	2	573	0	1	1
2739	1	1	1	0	2	573	0	1	1
2740	1	1	1	0	2	573	0	1	1
2741	1	1	1	0	2	573	0	1	1
2742	1	1	1	0	28	9422	0	1	1
2743	1	1	1	0	28	9422	0	1	1
2744	1	1	1	0	28	9422	0	1	1
2745	1	1	1	0	28	9422	0	1	1
2746	1	1	1	0	28	9422	0	1	1
2752	2	1	1	0	28	9422	0	1	1
2770	2	1	1	0	2	573	0	1	1
2771	1	1	1	0	2	573	0	1	1
2772	1	1	1	0	2	573	0	1	1
2773	1	1	1	0	2	573	0	1	1
2774	1	1	1	0	2	573	0	1	1
2777	1	1	1	0	2	573	0	1	1
2778	1	1	1	0	28	9422	0	1	1
2779	1	1	1	0	28	9422	0	1	1
2780	1	1	1	0	28	9422	0	1	1
2781	1	1	1	0	28	9422	0	1	1
2788	2	1	1	0	28	9422	0	1	1
2806	2	1	1	0	28	9422	0	1	1
2807	1	1	1	0	2	573	0	1	1
2808	1	1	1	0	2	573	0	1	1
2809	1	1	1	0	2	573	0	1	1
2810	1	1	1	0	2	573	0	1	1
2811	1	1	1	0	2	573	0	1	1
2812	1	1	1	0	2	573	0	1	1
2813	1	1	1	0	2	573	0	1	1
2814	1	1	1	0	28	9422	0	1	1
2815	1	1	1	0	28	9422	0	1	1
2816	1	1	1	0	28	9422	0	1	1
2817	1	1	1	0	28	9422	0	1	1
2818	1	1	1	0	28	9422	0	1	1
2824	2	1	1	0	28	9422	0	1	1
2842	2	1	1	0	28	9422	0	1	1
2843	1	1	1	0	28	9422	0	1	1
2844	1	1	1	0	28	9422	0	1	1
2845	1	1	1	0	28	9422	0	1	1
2849	1	1	1	0	2	573	0	1	1
2850	1	1	1	0	28	9422	0	1	1
2851	1	1	1	0	28	9422	0	1	1
2852	1	1	1	0	28	9422	0	1	1
2853	1	1	1	0	28	9422	0	1	1
2860	2	1	1	0	28	9422	0	1	1
2878	2	1	1	0	28	9422	0	1	1
2879	1	1	1	0	28	9422	0	1	1
2880	1	1	1	0	28	9422	0	1	1
2881	1	1	1	0	28	9422	0	1	1
2885	1	1	1	0	28	9422	0	1	1
2886	1	1	1	0	28	9422	0	1	1
2887	1	1	1	0	2	573	0	1	1
2888	1	1	1	0	28	9422	0	1	1
2889	1	1	1	0	28	9422	0	1	1
2890	1	1	1	0	28	9422	0	1	1
2896	2	1	1	0	2	573	0	1	1
2914	2	1	1	0	28	9422	0	1	1
2915	1	1	1	0	28	9422	0	1	1
2916	1	1	1	0	28	9422	0	1	1
2917	1	1	1	0	28	9422	0	1	1
2921	1	1	1	0	28	9422	0	1	1
2922	1	1	1	0	28	9422	0	1	1
2923	1	1	1	0	28	9422	0	1	1
2924	1	1	1	0	28	9422	0	1	1
2925	1	1	1	0	28	9422	0	1	1
2932	2	1	1	0	2	573	0	1	1
2950	2	1	1	0	28	9422	0	1	1
2951	1	1	1	0	28	9422	0	1	1
2952	1	1	1	0	28	9422	0	1	1
2953	1	1	1	0	28	9422	0	1	1
2957	1	1	1	0	28	9422	0	1	1
2958	1	1	1	0	28	9422	0	1	1
2959	1	1	1	0	28	9422	0	1	1
2960	1	1	1	0	28	9422	0	1	1
2961	1	1	1	0	28	9422	0	1	1
2962	1	1	1	0	28	9422	0	1	1
2968	2	1	1	0	2	573	0	1	1
2986	2	1	1	0	28	9422	0	1	1
2987	1	1	1	0	28	9422	0	1	1
2988	1	1	1	0	28	9422	0	1	1
2989	1	1	1	0	28	9422	0	1	1
2993	1	1	1	0	28	9422	0	1	1
2994	1	1	1	0	28	9422	0	1	1
2995	1	1	1	0	28	9422	0	1	1
2996	1	1	1	0	28	9422	0	1	1
2997	1	1	1	0	28	9422	0	1	1
3004	2	1	1	0	28	9422	0	1	1
3022	2	1	1	0	28	9422	0	1	1
3023	1	1	1	0	2	573	0	1	1
3024	1	1	1	0	2	573	0	1	1
3025	1	1	1	0	2	573	0	1	1
3026	1	1	1	0	2	573	0	1	1
3027	1	1	1	0	2	573	0	1	1
3028	1	1	1	0	2	573	0	1	1
3029	1	1	1	0	2	573	0	1	1
3030	1	1	1	0	28	9422	0	1	1
3031	1	1	1	0	28	9422	0	1	1
3032	1	1	1	0	28	9422	0	1	1
3033	1	1	1	0	28	9422	0	1	1
3034	1	1	1	0	28	9422	0	1	1
3040	2	1	1	0	28	9422	0	1	1
3058	2	1	1	0	2	573	0	1	1
3059	1	1	1	0	2	573	0	1	1
3060	1	1	1	0	2	573	0	1	1
3061	1	1	1	0	2	573	0	1	1
3062	1	1	1	0	2	573	0	1	1
3065	1	1	1	0	2	573	0	1	1
3066	1	1	1	0	28	9422	0	1	1
3067	1	1	1	0	28	9422	0	1	1
3068	1	1	1	0	28	9422	0	1	1
3069	1	1	1	0	28	9422	0	1	1
3076	2	1	1	0	28	9422	0	1	1
3094	2	1	1	0	2	573	0	1	1
3095	1	1	1	0	2	573	0	1	1
3096	1	1	1	0	2	573	0	1	1
3097	1	1	1	0	2	573	0	1	1
3098	1	1	1	0	2	573	0	1	1
3099	1	1	1	0	2	573	0	1	1
3100	1	1	1	0	2	573	0	1	1
3101	1	1	1	0	2	573	0	1	1
3102	1	1	1	0	28	9422	0	1	1
3103	1	1	1	0	28	9422	0	1	1
3104	1	1	1	0	28	9422	0	1	1
3105	1	1	1	0	28	9422	0	1	1
3106	1	1	1	0	28	9422	0	1	1
3112	2	1	1	0	28	9422	0	1	1
3130	2	1	1	0	2	573	0	1	1
3131	1	1	1	0	2	573	0	1	1
3132	1	1	1	0	2	573	0	1	1
3133	1	1	1	0	2	573	0	1	1
3134	1	1	1	0	2	573	0	1	1
3137	1	1	1	0	2	573	0	1	1
3138	1	1	1	0	28	9422	0	1	1
3139	1	1	1	0	28	9422	0	1	1
3140	1	1	1	0	28	9422	0	1	1
3141	1	1	1	0	28	9422	0	1	1
3148	2	1	1	0	28	9422	0	1	1
3166	2	1	1	0	28	9422	0	1	1
3167	1	1	1	0	2	573	0	1	1
3168	1	1	1	0	2	573	0	1	1
3169	1	1	1	0	2	573	0	1	1
3170	1	1	1	0	2	573	0	1	1
3171	1	1	1	0	2	573	0	1	1
3172	1	1	1	0	2	573	0	1	1
3173	1	1	1	0	2	573	0	1	1
3174	1	1	1	0	28	9422	0	1	1
3175	1	1	1	0	28	9422	0	1	1
3176	1	1	1	0	28	9422	0	1	1
3177	1	1	1	0	28	9422	0	1	1
3178	1	1	1	0	28	9422	0	1	1
3184	2	1	1	0	28	9422	0	1	1
3202	2	1	1	0	28	9422	0	1	1
3203	1	1	1	0	28	9422	0	1	1
3204	1	1	1	0	28	9422	0	1	1
3205	1	1	1	0	28	9422	0	1	1
3209	1	1	1	0	2	573	0	1	1
3210	1	1	1	0	28	9422	0	1	1
3211	1	1	1	0	28	9422	0	1	1
3212	1	1	1	0	28	9422	0	1	1
3213	1	1	1	0	28	9422	0	1	1
3220	2	1	1	0	28	9422	0	1	1
3238	2	1	1	0	28	9422	0	1	1
3239	1	1	1	0	28	9422	0	1	1
3240	1	1	1	0	28	9422	0	1	1
3241	1	1	1	0	28	9422	0	1	1
3245	1	1	1	0	28	9422	0	1	1
3246	1	1	1	0	28	9422	0	1	1
3247	1	1	1	0	2	573	0	1	1
3248	1	1	1	0	28	9422	0	1	1
3249	1	1	1	0	28	9422	0	1	1
3250	1	1	1	0	28	9422	0	1	1
3256	2	1	1	0	2	573	0	1	1
3274	2	1	1	0	28	9422	0	1	1
3275	1	1	1	0	28	9422	0	1	1
3276	1	1	1	0	28	9422	0	1	1
3277	1	1	1	0	28	9422	0	1	1
3281	1	1	1	0	28	9422	0	1	1
3282	1	1	1	0	28	9422	0	1	1
3283	1	1	1	0	28	9422	0	1	1
3284	1	1	1	0	28	9422	0	1	1
3285	1	1	1	0	28	9422	0	1	1
3292	2	1	1	0	2	573	0	1	1
3310	2	1	1	0	28	9422	0	1	1
3311	1	1	1	0	28	9422	0	1	1
3312	1	1	1	0	28	9422	0	1	1
3313	1	1	1	0	28	9422	0	1	1
3317	1	1	1	0	28	9422	0	1	1
3318	1	1	1	0	28	9422	0	1	1
3319	1	1	1	0	28	9422	0	1	1
3320	1	1	1	0	28	9422	0	1	1
3321	1	1	1	0	28	9422	0	1	1
3322	1	1	1	0	28	9422	0	1	1
3328	2	1	1	0	2	573	0	1	1
3347	1	1	1	0	28	9422	0	1	0
3347	2	1	1	0	28	9422	0	1	0
3348	1	1	1	0	28	9422	0	1	1
3349	1	1	1	0	28	9422	0	1	1
3354	1	1	1	0	28	9422	1	0	1
3355	1	1	1	0	28	9422	0	1	1
3356	1	1	1	0	28	9422	0	1	1
3357	1	1	1	0	28	9422	0	1	1
3358	1	1	1	0	28	9422	0	1	1
3365	2	1	1	0	2	573	0	1	1
3390	2	1	1	0	28	9422	0	1	1
3424	2	1	1	0	2	573	0	1	1
4395	2	1	1	0	2	573	0	1	1
