% time	cellId	IMSI	RNTI	sinrLinear
0.041	1	1	1	0.999998
0.041	2	1	1	0.999998
0.081	1	1	1	0.999998
0.081	2	1	1	0.999998
0.121	1	1	1	0.999998
0.121	2	1	1	0.999998
0.161	1	1	1	0.999998
0.161	2	1	1	0.999998
0.201	1	1	1	0.999998
0.201	2	1	1	0.999998
0.241	1	1	1	0.999998
0.241	2	1	1	0.999998
0.281	1	1	1	0.999998
0.281	2	1	1	0.999998
0.321	1	1	1	0.999998
0.321	2	1	1	0.999998
0.361	1	1	1	0.999998
0.361	2	1	1	0.999998
0.401	1	1	1	0.999998
0.401	2	1	1	0.999998
0.441	1	1	1	0.999998
0.441	2	1	1	0.999998
0.481	1	1	1	0.999998
0.481	2	1	1	0.999998
0.521	1	1	1	0.999998
0.521	2	1	1	0.999998
0.561	1	1	1	0.999998
0.561	2	1	1	0.999998
0.601	1	1	1	0.999998
0.601	2	1	1	0.999998
0.641	1	1	1	0.999998
0.641	2	1	1	0.999998
0.681	1	1	1	0.999998
0.681	2	1	1	0.999998
0.721	1	1	1	0.999998
0.721	2	1	1	0.999998
0.761	1	1	1	0.999998
0.761	2	1	1	0.999998
0.801	1	1	1	0.999998
0.801	2	1	1	0.999998
0.841	1	1	1	0.999998
0.841	2	1	1	0.999998
0.881	1	1	1	0.999998
0.881	2	1	1	0.999998
0.921	1	1	1	0.999998
0.921	2	1	1	0.999998
0.961	1	1	1	0.999998
0.961	2	1	1	0.999998
1.001	1	1	1	0.999998
1.001	2	1	1	0.999998
1.041	1	1	1	0.999998
1.041	2	1	1	0.999998
1.081	1	1	1	0.999998
1.081	2	1	1	0.999998
1.121	1	1	1	0.999998
1.121	2	1	1	0.999998
1.161	1	1	1	0.999998
1.161	2	1	1	0.999998
1.201	1	1	1	0.999998
1.201	2	1	1	0.999998
1.241	1	1	1	0.999998
1.241	2	1	1	0.999998
1.281	1	1	1	0.999998
1.281	2	1	1	0.999998
1.321	1	1	1	0.999998
1.321	2	1	1	0.999998
1.361	1	1	1	0.999998
1.361	2	1	1	0.999998
1.401	1	1	1	0.999998
1.401	2	1	1	0.999998
1.441	1	1	1	0.999998
1.441	2	1	1	0.999998
1.481	1	1	1	0.999998
1.481	2	1	1	0.999998
1.521	1	1	1	0.999998
1.521	2	1	1	0.999998
1.561	1	1	1	0.999998
1.561	2	1	1	0.999998
1.601	1	1	1	0.999998
1.601	2	1	1	0.999998
1.641	1	1	1	0.999998
1.641	2	1	1	0.999998
1.681	1	1	1	0.999998
1.681	2	1	1	0.999998
1.721	1	1	1	0.999998
1.721	2	1	1	0.999998
1.761	1	1	1	0.999998
1.761	2	1	1	0.999998
1.801	1	1	1	0.999998
1.801	2	1	1	0.999998
1.841	1	1	1	0.999998
1.841	2	1	1	0.999998
1.881	1	1	1	0.999998
1.881	2	1	1	0.999998
1.921	1	1	1	0.999998
1.921	2	1	1	0.999998
1.961	1	1	1	0.999998
1.961	2	1	1	0.999998
2.001	1	1	1	0.999998
2.001	2	1	1	0.999998
2.041	1	1	1	0.999998
2.041	2	1	1	0.999998
2.081	1	1	1	0.999998
2.081	2	1	1	0.999998
2.121	1	1	1	0.999998
2.121	2	1	1	0.999998
2.161	1	1	1	0.999998
2.161	2	1	1	0.999998
2.201	1	1	1	0.999998
2.201	2	1	1	0.999998
2.241	1	1	1	0.999998
2.241	2	1	1	0.999998
2.281	1	1	1	0.999998
2.281	2	1	1	0.999998
2.321	1	1	1	0.999998
2.321	2	1	1	0.999998
2.361	1	1	1	0.999998
2.361	2	1	1	0.999998
2.401	1	1	1	0.999998
2.401	2	1	1	0.999998
2.441	1	1	1	0.999998
2.441	2	1	1	0.999998
2.481	1	1	1	0.999998
2.481	2	1	1	0.999998
2.521	1	1	1	0.999998
2.521	2	1	1	0.999998
2.561	1	1	1	0.999998
2.561	2	1	1	0.999998
2.601	1	1	1	0.999998
2.601	2	1	1	0.999998
2.641	1	1	1	0.999998
2.641	2	1	1	0.999998
2.681	1	1	1	0.999998
2.681	2	1	1	0.999998
2.721	1	1	1	0.999998
2.721	2	1	1	0.999998
2.761	1	1	1	0.999998
2.761	2	1	1	0.999998
2.801	1	1	1	0.999998
2.801	2	1	1	0.999998
2.841	1	1	1	0.999998
2.841	2	1	1	0.999998
2.881	1	1	1	0.999998
2.881	2	1	1	0.999998
2.921	1	1	1	0.999998
2.921	2	1	1	0.999998
2.961	1	1	1	0.999998
2.961	2	1	1	0.999998
3.001	1	1	1	0.999998
3.001	2	1	1	0.999998
3.041	1	1	1	0.999998
3.041	2	1	1	0.999998
3.081	1	1	1	0.999998
3.081	2	1	1	0.999998
3.121	1	1	1	0.999998
3.121	2	1	1	0.999998
3.161	1	1	1	0.999998
3.161	2	1	1	0.999998
3.201	1	1	1	0.999998
3.201	2	1	1	0.999998
3.241	1	1	1	0.999998
3.241	2	1	1	0.999998
3.281	1	1	1	0.999998
3.281	2	1	1	0.999998
3.321	1	1	1	0.999998
3.321	2	1	1	0.999998
3.361	1	1	1	0.999998
3.361	2	1	1	0.999998
3.401	1	1	1	0.999998
3.401	2	1	1	0.999998
3.441	1	1	1	0.999998
3.441	2	1	1	0.999998
3.481	1	1	1	0.999998
3.481	2	1	1	0.999998
3.521	1	1	1	0.999998
3.521	2	1	1	0.999998
3.561	1	1	1	0.999998
3.561	2	1	1	0.999998
3.601	1	1	1	0.999998
3.601	2	1	1	0.999998
3.641	1	1	1	0.999998
3.641	2	1	1	0.999998
3.681	1	1	1	0.999998
3.681	2	1	1	0.999998
3.721	1	1	1	0.999998
3.721	2	1	1	0.999998
3.761	1	1	1	0.999998
3.761	2	1	1	0.999998
3.801	1	1	1	0.999998
3.801	2	1	1	0.999998
3.841	1	1	1	0.999998
3.841	2	1	1	0.999998
3.881	1	1	1	0.999998
3.881	2	1	1	0.999998
3.921	1	1	1	0.999998
3.921	2	1	1	0.999998
3.961	1	1	1	0.999998
3.961	2	1	1	0.999998
4.001	1	1	1	0.999998
4.001	2	1	1	0.999998
4.041	1	1	1	0.999998
4.041	2	1	1	0.999998
4.081	1	1	1	0.999998
4.081	2	1	1	0.999998
4.121	1	1	1	0.999998
4.121	2	1	1	0.999998
4.161	1	1	1	0.999998
4.161	2	1	1	0.999998
4.201	1	1	1	0.999998
4.201	2	1	1	0.999998
4.241	1	1	1	0.999998
4.241	2	1	1	0.999998
4.281	1	1	1	0.999998
4.281	2	1	1	0.999998
4.321	1	1	1	0.999998
4.321	2	1	1	0.999998
4.361	1	1	1	0.999998
4.361	2	1	1	0.999998
4.401	1	1	1	0.999998
4.401	2	1	1	0.999998
4.441	1	1	1	0.999998
4.441	2	1	1	0.999998
4.481	1	1	1	0.999998
4.481	2	1	1	0.999998
4.521	1	1	1	0.999998
4.521	2	1	1	0.999998
4.561	1	1	1	0.999998
4.561	2	1	1	0.999998
4.601	1	1	1	0.999998
4.601	2	1	1	0.999998
4.641	1	1	1	0.999998
4.641	2	1	1	0.999998
4.681	1	1	1	0.999998
4.681	2	1	1	0.999998
4.721	1	1	1	0.999998
4.721	2	1	1	0.999998
4.761	1	1	1	0.999998
4.761	2	1	1	0.999998
4.801	1	1	1	0.999998
4.801	2	1	1	0.999998
4.841	1	1	1	0.999998
4.841	2	1	1	0.999998
4.881	1	1	1	0.999998
4.881	2	1	1	0.999998
4.921	1	1	1	0.999998
4.921	2	1	1	0.999998
4.961	1	1	1	0.999998
4.961	2	1	1	0.999998
5.001	1	1	1	0.999998
5.001	2	1	1	0.999998
5.041	1	1	1	0.999998
5.041	2	1	1	0.999998
5.081	1	1	1	0.999998
5.081	2	1	1	0.999998
5.121	1	1	1	0.999998
5.121	2	1	1	0.999998
5.161	1	1	1	0.999998
5.161	2	1	1	0.999998
5.201	1	1	1	0.999998
5.201	2	1	1	0.999998
5.241	1	1	1	0.999998
5.241	2	1	1	0.999998
5.281	1	1	1	0.999998
5.281	2	1	1	0.999998
5.321	1	1	1	0.999998
5.321	2	1	1	0.999998
5.361	1	1	1	0.999998
5.361	2	1	1	0.999998
5.401	1	1	1	0.999998
5.401	2	1	1	0.999998
5.441	1	1	1	0.999998
5.441	2	1	1	0.999998
5.481	1	1	1	0.999998
5.481	2	1	1	0.999998
