% time	cellId	IMSI	RNTI	layer	mcs	size	rv	ndi
1025	1	1	1	0	2	573	0	1
1060	1	1	1	0	2	573	0	1
1095	1	1	1	0	2	573	0	1
1130	1	1	1	0	2	573	0	1
1165	1	1	1	0	2	573	0	1
1200	1	1	1	0	2	573	0	1
1235	1	1	1	0	2	573	0	1
1236	1	1	1	0	2	573	0	1
1270	1	1	1	0	2	573	0	1
1271	1	1	1	0	2	573	0	1
1305	1	1	1	0	2	573	0	1
1306	1	1	1	0	2	573	0	1
1307	1	1	1	0	2	573	0	1
1340	1	1	1	0	2	573	0	1
1341	1	1	1	0	2	573	0	1
1342	1	1	1	0	2	573	0	1
1343	1	1	1	0	2	573	0	1
1344	1	1	1	0	2	573	0	1
1345	1	1	1	0	2	573	0	1
1364	1	1	1	0	28	9422	0	1
1369	1	1	1	0	2	573	0	1
1375	1	1	1	0	28	9422	0	1
1376	1	1	1	0	28	9422	0	1
1377	1	1	1	0	28	9422	0	1
1378	1	1	1	0	28	9422	0	1
1379	1	1	1	0	28	9422	0	1
1380	1	1	1	0	28	9422	0	1
1381	1	1	1	0	28	9422	0	1
1382	1	1	1	0	28	9422	0	0
1401	1	1	1	0	2	573	0	1
1402	1	1	1	0	2	573	0	1
1403	1	1	1	0	2	573	0	1
1404	1	1	1	0	2	573	0	1
1405	1	1	1	0	2	573	0	1
1406	1	1	1	0	2	573	0	1
1407	1	1	1	0	2	573	0	1
1408	1	1	1	0	28	9422	0	1
1426	1	1	1	0	28	9422	0	1
1429	1	1	1	0	28	9422	0	1
1446	1	1	1	0	28	9422	0	1
1457	1	1	1	0	2	573	0	1
1461	1	1	1	0	2	573	0	1
1462	1	1	1	0	2	573	0	1
1463	1	1	1	0	2	573	0	1
1464	1	1	1	0	28	9422	0	1
1465	1	1	1	0	28	9422	0	1
1466	1	1	1	0	28	9422	0	1
1467	1	1	1	0	28	9422	0	1
1468	1	1	1	0	2	573	0	1
1469	1	1	1	0	28	9422	0	1
1470	1	1	1	0	28	9422	0	1
1471	1	1	1	0	28	9422	0	1
1472	1	1	1	0	28	9422	0	1
1492	1	1	1	0	2	573	0	1
1493	1	1	1	0	2	573	0	1
1494	1	1	1	0	2	573	0	1
1495	1	1	1	0	2	573	0	1
1496	1	1	1	0	2	573	0	1
1500	1	1	1	0	28	9422	0	1
1501	1	1	1	0	28	9422	0	1
1502	1	1	1	0	28	9422	0	1
1503	1	1	1	0	28	9422	0	1
1504	1	1	1	0	28	9422	0	1
1505	1	1	1	0	28	9422	0	1
1506	1	1	1	0	28	9422	0	1
1507	1	1	1	0	28	9422	0	1
1508	1	1	1	0	28	9422	0	1
1509	1	1	1	0	28	9422	0	1
1510	1	1	1	0	28	9422	0	1
1511	1	1	1	0	28	9422	0	1
1512	1	1	1	0	28	9422	0	1
1513	1	1	1	0	28	9422	0	1
1514	1	1	1	0	28	9422	0	1
1534	1	1	1	0	2	573	0	1
1535	1	1	1	0	2	573	0	1
1536	1	1	1	0	2	573	0	1
1539	1	1	1	0	2	573	0	1
1540	1	1	1	0	2	573	0	1
1541	1	1	1	0	28	9422	0	1
1542	1	1	1	0	28	9422	0	1
1543	1	1	1	0	28	9422	0	1
1544	1	1	1	0	28	9422	0	1
1545	1	1	1	0	28	9422	0	1
1546	1	1	1	0	2	573	0	1
1547	1	1	1	0	28	9422	0	1
1548	1	1	1	0	28	9422	0	1
1549	1	1	1	0	28	9422	0	1
1550	1	1	1	0	28	9422	0	1
1551	1	1	1	0	28	9422	0	1
1552	1	1	1	0	28	9422	0	1
1553	1	1	1	0	28	9422	0	1
1573	1	1	1	0	2	573	0	1
1574	1	1	1	0	2	573	0	1
1584	1	1	1	0	2	573	0	1
1585	1	1	1	0	2	573	0	1
1586	1	1	1	0	2	573	0	1
1587	1	1	1	0	2	573	0	1
1588	1	1	1	0	2	573	0	1
1589	1	1	1	0	2	573	0	1
1590	1	1	1	0	2	573	0	1
1591	1	1	1	0	28	9422	0	1
1592	1	1	1	0	28	9422	0	1
1593	1	1	1	0	28	9422	0	1
1594	1	1	1	0	28	9422	0	1
1595	1	1	1	0	28	9422	0	1
1596	1	1	1	0	28	9422	0	1
1597	1	1	1	0	28	9422	0	1
1598	1	1	1	0	28	9422	0	0
1599	1	1	1	0	2	573	0	1
1600	1	1	1	0	2	573	0	1
1601	1	1	1	0	2	573	0	1
1602	1	1	1	0	2	573	0	1
1603	1	1	1	0	2	573	0	1
1604	1	1	1	0	2	573	0	1
1618	1	1	1	0	2	573	0	1
1619	1	1	1	0	2	573	0	1
1620	1	1	1	0	2	573	0	1
1621	1	1	1	0	2	573	0	1
1622	1	1	1	0	2	573	0	1
1623	1	1	1	0	2	573	0	1
1624	1	1	1	0	2	573	0	1
1625	1	1	1	0	28	9422	0	1
1626	1	1	1	0	28	9422	0	1
1627	1	1	1	0	28	9422	0	1
1628	1	1	1	0	28	9422	0	1
1629	1	1	1	0	28	9422	0	1
1630	1	1	1	0	2	573	0	1
1631	1	1	1	0	28	9422	0	1
1632	1	1	1	0	28	9422	0	1
1633	1	1	1	0	28	9422	0	1
1634	1	1	1	0	28	9422	0	1
1635	1	1	1	0	28	9422	0	1
1636	1	1	1	0	28	9422	0	1
1666	1	1	1	0	2	573	0	1
1667	1	1	1	0	2	573	0	1
1668	1	1	1	0	2	573	0	1
1669	1	1	1	0	2	573	0	1
1670	1	1	1	0	2	573	0	1
1671	1	1	1	0	2	573	0	1
1672	1	1	1	0	2	573	0	1
1673	1	1	1	0	28	9422	0	1
1674	1	1	1	0	28	9422	0	1
1675	1	1	1	0	28	9422	0	1
1676	1	1	1	0	28	9422	0	1
1677	1	1	1	0	28	9422	0	1
1678	1	1	1	0	28	9422	0	1
1679	1	1	1	0	28	9422	0	1
1680	1	1	1	0	28	9422	0	1
1700	1	1	1	0	2	573	0	1
1701	1	1	1	0	2	573	0	1
1702	1	1	1	0	2	573	0	1
1703	1	1	1	0	2	573	0	1
1704	1	1	1	0	2	573	0	1
1705	1	1	1	0	2	573	0	1
1706	1	1	1	0	2	573	0	1
1707	1	1	1	0	28	9422	0	1
1708	1	1	1	0	28	9422	0	1
1709	1	1	1	0	28	9422	0	1
1710	1	1	1	0	28	9422	0	1
1711	1	1	1	0	28	9422	0	1
1712	1	1	1	0	2	573	0	1
1713	1	1	1	0	28	9422	0	1
1714	1	1	1	0	28	9422	0	1
1715	1	1	1	0	28	9422	0	1
1716	1	1	1	0	28	9422	0	1
1717	1	1	1	0	28	9422	0	1
1718	1	1	1	0	28	9422	0	1
1719	1	1	1	0	28	9422	0	1
1739	1	1	1	0	2	573	0	1
1740	1	1	1	0	2	573	0	1
1750	1	1	1	0	2	573	0	1
1751	1	1	1	0	2	573	0	1
1752	1	1	1	0	2	573	0	1
1753	1	1	1	0	2	573	0	1
1754	1	1	1	0	2	573	0	1
1755	1	1	1	0	2	573	0	1
1756	1	1	1	0	2	573	0	1
1757	1	1	1	0	28	9422	0	1
1758	1	1	1	0	28	9422	0	1
1759	1	1	1	0	28	9422	0	1
1760	1	1	1	0	28	9422	0	1
1761	1	1	1	0	28	9422	0	1
1762	1	1	1	0	28	9422	0	1
1763	1	1	1	0	28	9422	0	1
1764	1	1	1	0	28	9422	0	0
1765	1	1	1	0	2	573	0	1
1766	1	1	1	0	2	573	0	1
1767	1	1	1	0	2	573	0	1
1768	1	1	1	0	2	573	0	1
1769	1	1	1	0	2	573	0	1
1770	1	1	1	0	2	573	0	1
1784	1	1	1	0	2	573	0	1
1785	1	1	1	0	2	573	0	1
1786	1	1	1	0	2	573	0	1
1787	1	1	1	0	2	573	0	1
1788	1	1	1	0	2	573	0	1
1789	1	1	1	0	2	573	0	1
1790	1	1	1	0	2	573	0	1
1791	1	1	1	0	28	9422	0	1
1792	1	1	1	0	28	9422	0	1
1793	1	1	1	0	28	9422	0	1
1794	1	1	1	0	28	9422	0	1
1795	1	1	1	0	28	9422	0	1
1796	1	1	1	0	2	573	0	1
1797	1	1	1	0	28	9422	0	1
1798	1	1	1	0	28	9422	0	1
1799	1	1	1	0	28	9422	0	1
1800	1	1	1	0	28	9422	0	1
1801	1	1	1	0	28	9422	0	1
1802	1	1	1	0	28	9422	0	1
1832	1	1	1	0	2	573	0	1
1833	1	1	1	0	2	573	0	1
1834	1	1	1	0	2	573	0	1
1835	1	1	1	0	2	573	0	1
1836	1	1	1	0	2	573	0	1
1837	1	1	1	0	2	573	0	1
1838	1	1	1	0	2	573	0	1
1839	1	1	1	0	28	9422	0	1
1840	1	1	1	0	28	9422	0	1
1841	1	1	1	0	28	9422	0	1
1842	1	1	1	0	28	9422	0	1
1843	1	1	1	0	28	9422	0	1
1844	1	1	1	0	28	9422	0	1
1845	1	1	1	0	28	9422	0	1
1846	1	1	1	0	28	9422	0	1
1866	1	1	1	0	2	573	0	1
1867	1	1	1	0	2	573	0	1
1868	1	1	1	0	2	573	0	1
1869	1	1	1	0	2	573	0	1
1870	1	1	1	0	2	573	0	1
1871	1	1	1	0	2	573	0	1
1872	1	1	1	0	2	573	0	1
1873	1	1	1	0	28	9422	0	1
1874	1	1	1	0	28	9422	0	1
1875	1	1	1	0	28	9422	0	1
1876	1	1	1	0	28	9422	0	1
1877	1	1	1	0	28	9422	0	1
1878	1	1	1	0	2	573	0	1
1879	1	1	1	0	28	9422	0	1
1880	1	1	1	0	28	9422	0	1
1881	1	1	1	0	28	9422	0	1
1882	1	1	1	0	28	9422	0	1
1883	1	1	1	0	28	9422	0	1
1884	1	1	1	0	28	9422	0	1
1885	1	1	1	0	28	9422	0	1
1905	1	1	1	0	2	573	0	1
1906	1	1	1	0	2	573	0	1
1916	1	1	1	0	2	573	0	1
1917	1	1	1	0	2	573	0	1
1918	1	1	1	0	2	573	0	1
1919	1	1	1	0	2	573	0	1
1920	1	1	1	0	2	573	0	1
1921	1	1	1	0	2	573	0	1
1922	1	1	1	0	2	573	0	1
1923	1	1	1	0	28	9422	0	1
1924	1	1	1	0	28	9422	0	1
1925	1	1	1	0	28	9422	0	1
1926	1	1	1	0	28	9422	0	1
1927	1	1	1	0	2	573	0	1
1928	1	1	1	0	28	9422	0	1
1929	1	1	1	0	28	9422	0	1
1930	1	1	1	0	28	9422	0	0
1931	1	1	1	0	2	573	0	1
1932	1	1	1	0	2	573	0	1
1933	1	1	1	0	2	573	0	1
1934	1	1	1	0	2	573	0	1
1935	1	1	1	0	2	573	0	1
1936	1	1	1	0	2	573	0	1
1950	1	1	1	0	2	573	0	1
1951	1	1	1	0	2	573	0	1
1952	1	1	1	0	2	573	0	1
1953	1	1	1	0	2	573	0	1
1954	1	1	1	0	2	573	0	1
1955	1	1	1	0	2	573	0	1
1956	1	1	1	0	2	573	0	1
1957	1	1	1	0	28	9422	0	1
1958	1	1	1	0	28	9422	0	1
1959	1	1	1	0	28	9422	0	1
1960	1	1	1	0	28	9422	0	1
1961	1	1	1	0	28	9422	0	1
1962	1	1	1	0	2	573	0	1
1963	1	1	1	0	28	9422	0	1
1964	1	1	1	0	28	9422	0	1
1965	1	1	1	0	28	9422	0	1
1966	1	1	1	0	28	9422	0	1
1967	1	1	1	0	2	573	0	1
1968	1	1	1	0	28	9422	0	1
1998	1	1	1	0	28	9422	0	1
1999	1	1	1	0	28	9422	0	1
2000	1	1	1	0	28	9422	0	1
2001	1	1	1	0	28	9422	0	1
2002	1	1	1	0	28	9422	0	1
2003	1	1	1	0	28	9422	0	1
2004	1	1	1	0	28	9422	0	1
2005	1	1	1	0	28	9422	0	1
2006	1	1	1	0	28	9422	0	1
2007	1	1	1	0	2	573	0	1
2008	1	1	1	0	28	9422	0	1
2009	1	1	1	0	28	9422	0	1
2010	1	1	1	0	28	9422	0	1
2011	1	1	1	0	28	9422	0	1
2012	1	1	1	0	28	9422	0	1
2032	1	1	1	0	28	9422	0	1
2033	1	1	1	0	28	9422	0	1
2037	1	1	1	0	28	9422	0	1
2038	1	1	1	0	28	9422	0	1
2039	1	1	1	0	28	9422	0	1
2040	1	1	1	0	28	9422	0	1
2041	1	1	1	0	28	9422	0	1
2042	1	1	1	0	28	9422	0	1
2043	1	1	1	0	28	9422	0	1
2044	1	1	1	0	28	9422	0	0
2045	1	1	1	0	28	9422	0	1
2046	1	1	1	0	28	9422	0	1
2047	1	1	1	0	2	573	0	1
2048	1	1	1	0	28	9422	0	1
2049	1	1	1	0	28	9422	0	1
2050	1	1	1	0	28	9422	0	1
2051	1	1	1	0	28	9422	0	1
2071	1	1	1	0	28	9422	0	1
2073	1	1	1	0	28	9422	0	1
2078	1	1	1	0	28	9422	0	0
2086	1	1	1	0	2	573	0	1
2087	1	1	1	0	2	573	0	1
2088	1	1	1	0	2	573	0	1
2089	1	1	1	0	2	573	0	1
2090	1	1	1	0	2	573	0	1
2091	1	1	1	0	2	573	0	1
2092	1	1	1	0	2	573	0	1
2093	1	1	1	0	28	9422	0	1
2094	1	1	1	0	28	9422	0	1
2095	1	1	1	0	28	9422	0	1
2096	1	1	1	0	2	573	0	1
2097	1	1	1	0	28	9422	0	1
2098	1	1	1	0	28	9422	0	1
2099	1	1	1	0	28	9422	0	1
2100	1	1	1	0	28	9422	0	1
2120	1	1	1	0	28	9422	0	1
2121	1	1	1	0	28	9422	0	1
2127	1	1	1	0	28	9422	0	0
2128	1	1	1	0	28	9422	0	1
2129	1	1	1	0	28	9422	0	1
2130	1	1	1	0	28	9422	0	1
2131	1	1	1	0	28	9422	0	1
2132	1	1	1	0	28	9422	0	1
2133	1	1	1	0	28	9422	0	1
2134	1	1	1	0	28	9422	0	1
2135	1	1	1	0	28	9422	0	1
2136	1	1	1	0	28	9422	0	1
2137	1	1	1	0	28	9422	0	1
2138	1	1	1	0	28	9422	0	1
2139	1	1	1	0	28	9422	0	1
2140	1	1	1	0	28	9422	0	1
2141	1	1	1	0	28	9422	0	1
2142	1	1	1	0	28	9422	0	1
2162	1	1	1	0	28	9422	0	1
2163	1	1	1	0	28	9422	0	1
2169	1	1	1	0	28	9422	0	1
2170	1	1	1	0	28	9422	0	1
2171	1	1	1	0	28	9422	0	1
2172	1	1	1	0	28	9422	0	1
2173	1	1	1	0	28	9422	0	1
2174	1	1	1	0	28	9422	0	1
2175	1	1	1	0	28	9422	0	1
2176	1	1	1	0	28	9422	0	1
2177	1	1	1	0	28	9422	0	1
2178	1	1	1	0	28	9422	0	1
2179	1	1	1	0	28	9422	0	1
2180	1	1	1	0	28	9422	0	1
2181	1	1	1	0	28	9422	0	1
2182	1	1	1	0	28	9422	0	1
2183	1	1	1	0	28	9422	0	1
2203	1	1	1	0	28	9422	0	1
2204	1	1	1	0	28	9422	0	1
2210	1	1	1	0	28	9422	0	0
2215	1	1	1	0	2	573	0	1
2216	1	1	1	0	2	573	0	1
2217	1	1	1	0	2	573	0	1
2218	1	1	1	0	2	573	0	1
2219	1	1	1	0	2	573	0	1
2220	1	1	1	0	2	573	0	1
2221	1	1	1	0	2	573	0	1
2222	1	1	1	0	28	9422	0	1
2223	1	1	1	0	28	9422	0	1
2224	1	1	1	0	28	9422	0	1
2225	1	1	1	0	28	9422	0	1
2226	1	1	1	0	28	9422	0	1
2227	1	1	1	0	28	9422	0	1
2228	1	1	1	0	2	573	0	1
2229	1	1	1	0	28	9422	0	1
2249	1	1	1	0	2	573	0	1
2250	1	1	1	0	2	573	0	1
2251	1	1	1	0	2	573	0	1
2252	1	1	1	0	2	573	0	1
2253	1	1	1	0	2	573	0	1
2264	1	1	1	0	28	9422	0	1
2265	1	1	1	0	28	9422	0	1
2266	1	1	1	0	28	9422	0	1
2267	1	1	1	0	28	9422	0	1
2268	1	1	1	0	28	9422	0	1
2269	1	1	1	0	28	9422	0	1
2270	1	1	1	0	28	9422	0	1
2271	1	1	1	0	28	9422	0	1
2272	1	1	1	0	28	9422	0	1
2273	1	1	1	0	28	9422	0	1
2274	1	1	1	0	28	9422	0	0
2275	1	1	1	0	28	9422	0	1
2276	1	1	1	0	28	9422	0	1
2277	1	1	1	0	28	9422	0	1
2278	1	1	1	0	28	9422	0	1
2298	1	1	1	0	2	573	0	1
2299	1	1	1	0	2	573	0	1
2300	1	1	1	0	2	573	0	1
2301	1	1	1	0	2	573	0	1
2306	1	1	1	0	28	9422	0	1
2307	1	1	1	0	28	9422	0	1
2308	1	1	1	0	28	9422	0	1
2309	1	1	1	0	28	9422	0	1
2310	1	1	1	0	28	9422	0	1
2311	1	1	1	0	28	9422	0	1
2312	1	1	1	0	28	9422	0	1
2313	1	1	1	0	28	9422	0	1
2314	1	1	1	0	28	9422	0	1
2315	1	1	1	0	28	9422	0	1
2335	1	1	1	0	2	573	0	1
2336	1	1	1	0	2	573	0	1
2337	1	1	1	0	2	573	0	1
2338	1	1	1	0	2	573	0	1
2339	1	1	1	0	2	573	0	1
2340	1	1	1	0	2	573	0	1
2341	1	1	1	0	2	573	0	1
2342	1	1	1	0	2	573	0	1
2343	1	1	1	0	2	573	0	1
2344	1	1	1	0	2	573	0	1
2345	1	1	1	0	2	573	0	1
2346	1	1	1	0	2	573	0	1
2347	1	1	1	0	2	573	0	1
2348	1	1	1	0	2	573	0	1
2349	1	1	1	0	2	573	0	1
2350	1	1	1	0	28	9422	0	1
2351	1	1	1	0	28	9422	0	1
2352	1	1	1	0	28	9422	0	1
2353	1	1	1	0	28	9422	0	1
2354	1	1	1	0	28	9422	0	1
2374	1	1	1	0	2	573	0	1
2375	1	1	1	0	2	573	0	1
2379	1	1	1	0	2	573	0	1
2380	1	1	1	0	2	573	0	1
2381	1	1	1	0	28	9422	0	1
2382	1	1	1	0	28	9422	0	1
2383	1	1	1	0	28	9422	0	1
2384	1	1	1	0	28	9422	0	1
2385	1	1	1	0	28	9422	0	1
2386	1	1	1	0	2	573	0	1
2387	1	1	1	0	28	9422	0	1
2388	1	1	1	0	28	9422	0	1
2389	1	1	1	0	28	9422	0	1
2390	1	1	1	0	28	9422	0	1
2391	1	1	1	0	28	9422	0	1
2392	1	1	1	0	28	9422	0	1
2393	1	1	1	0	28	9422	0	1
2411	1	1	1	0	2	573	0	1
2412	1	1	1	0	2	573	0	1
2413	1	1	1	0	2	573	0	1
2414	1	1	1	0	2	573	0	1
2415	1	1	1	0	2	573	0	1
2417	1	1	1	0	2	573	0	1
2418	1	1	1	0	28	9422	0	1
2419	1	1	1	0	28	9422	0	1
2420	1	1	1	0	28	9422	0	1
2421	1	1	1	0	28	9422	0	1
2422	1	1	1	0	28	9422	0	1
2423	1	1	1	0	28	9422	0	1
2424	1	1	1	0	28	9422	0	1
2425	1	1	1	0	28	9422	0	1
2426	1	1	1	0	28	9422	0	1
2427	1	1	1	0	28	9422	0	1
2428	1	1	1	0	28	9422	0	1
2447	1	1	1	0	2	573	0	1
2448	1	1	1	0	2	573	0	1
2449	1	1	1	0	2	573	0	1
2450	1	1	1	0	2	573	0	1
2451	1	1	1	0	2	573	0	1
2452	1	1	1	0	2	573	0	1
2453	1	1	1	0	2	573	0	1
2454	1	1	1	0	28	9422	0	1
2455	1	1	1	0	28	9422	0	1
2456	1	1	1	0	28	9422	0	1
2457	1	1	1	0	28	9422	0	1
2458	1	1	1	0	28	9422	0	1
2459	1	1	1	0	28	9422	0	1
2460	1	1	1	0	28	9422	0	1
2461	1	1	1	0	28	9422	0	1
2462	1	1	1	0	28	9422	0	1
2463	1	1	1	0	28	9422	0	1
2464	1	1	1	0	28	9422	0	1
2465	1	1	1	0	28	9422	0	1
2483	1	1	1	0	28	9422	0	1
2484	1	1	1	0	28	9422	0	1
2485	1	1	1	0	28	9422	0	1
2489	1	1	1	0	2	573	0	1
2490	1	1	1	0	28	9422	0	1
2491	1	1	1	0	28	9422	0	1
2492	1	1	1	0	28	9422	0	1
2493	1	1	1	0	28	9422	0	1
2494	1	1	1	0	28	9422	0	1
2495	1	1	1	0	28	9422	0	1
2496	1	1	1	0	28	9422	0	1
2497	1	1	1	0	28	9422	0	1
2498	1	1	1	0	28	9422	0	1
2499	1	1	1	0	28	9422	0	1
2500	1	1	1	0	28	9422	0	1
2519	1	1	1	0	28	9422	0	1
2520	1	1	1	0	28	9422	0	1
2521	1	1	1	0	28	9422	0	1
2525	1	1	1	0	28	9422	0	1
2526	1	1	1	0	28	9422	0	1
2527	1	1	1	0	2	573	0	1
2528	1	1	1	0	28	9422	0	1
2529	1	1	1	0	28	9422	0	1
2530	1	1	1	0	28	9422	0	1
2531	1	1	1	0	28	9422	0	1
2532	1	1	1	0	28	9422	0	1
2533	1	1	1	0	28	9422	0	1
2534	1	1	1	0	28	9422	0	1
2535	1	1	1	0	28	9422	0	1
2536	1	1	1	0	28	9422	0	1
2537	1	1	1	0	28	9422	0	1
2555	1	1	1	0	28	9422	0	1
2556	1	1	1	0	28	9422	0	1
2557	1	1	1	0	28	9422	0	1
2561	1	1	1	0	28	9422	0	1
2562	1	1	1	0	28	9422	0	1
2563	1	1	1	0	28	9422	0	1
2564	1	1	1	0	28	9422	0	1
2565	1	1	1	0	28	9422	0	1
2566	1	1	1	0	28	9422	0	1
2567	1	1	1	0	2	573	0	1
2568	1	1	1	0	28	9422	0	1
2569	1	1	1	0	28	9422	0	1
2570	1	1	1	0	28	9422	0	1
2571	1	1	1	0	28	9422	0	1
2572	1	1	1	0	28	9422	0	1
2591	1	1	1	0	28	9422	0	1
2592	1	1	1	0	28	9422	0	1
2593	1	1	1	0	28	9422	0	1
2597	1	1	1	0	28	9422	0	1
2598	1	1	1	0	28	9422	0	1
2599	1	1	1	0	28	9422	0	1
2600	1	1	1	0	28	9422	0	1
2601	1	1	1	0	28	9422	0	1
2602	1	1	1	0	28	9422	0	1
2603	1	1	1	0	28	9422	0	1
2604	1	1	1	0	28	9422	0	1
2605	1	1	1	0	28	9422	0	1
2606	1	1	1	0	28	9422	0	1
2607	1	1	1	0	2	573	0	1
2608	1	1	1	0	28	9422	0	1
2609	1	1	1	0	28	9422	0	1
2627	1	1	1	0	28	9422	0	1
2628	1	1	1	0	28	9422	0	1
2629	1	1	1	0	28	9422	0	1
2633	1	1	1	0	28	9422	0	1
2634	1	1	1	0	28	9422	0	1
2635	1	1	1	0	28	9422	0	1
2636	1	1	1	0	28	9422	0	1
2637	1	1	1	0	28	9422	0	1
2638	1	1	1	0	28	9422	0	1
2639	1	1	1	0	28	9422	0	1
2640	1	1	1	0	28	9422	0	1
2641	1	1	1	0	28	9422	0	1
2642	1	1	1	0	28	9422	0	1
2643	1	1	1	0	28	9422	0	1
2644	1	1	1	0	28	9422	0	1
2663	1	1	1	0	2	573	0	1
2664	1	1	1	0	2	573	0	1
2665	1	1	1	0	2	573	0	1
2666	1	1	1	0	2	573	0	1
2667	1	1	1	0	2	573	0	1
2668	1	1	1	0	2	573	0	1
2669	1	1	1	0	2	573	0	1
2670	1	1	1	0	28	9422	0	1
2671	1	1	1	0	28	9422	0	1
2672	1	1	1	0	28	9422	0	1
2673	1	1	1	0	28	9422	0	1
2674	1	1	1	0	28	9422	0	1
2675	1	1	1	0	28	9422	0	1
2676	1	1	1	0	28	9422	0	1
2677	1	1	1	0	28	9422	0	1
2678	1	1	1	0	28	9422	0	1
2679	1	1	1	0	28	9422	0	1
2680	1	1	1	0	28	9422	0	1
2681	1	1	1	0	28	9422	0	1
2699	1	1	1	0	2	573	0	1
2700	1	1	1	0	2	573	0	1
2701	1	1	1	0	2	573	0	1
2702	1	1	1	0	2	573	0	1
2705	1	1	1	0	2	573	0	1
2706	1	1	1	0	28	9422	0	1
2707	1	1	1	0	28	9422	0	1
2708	1	1	1	0	28	9422	0	1
2709	1	1	1	0	28	9422	0	1
2710	1	1	1	0	28	9422	0	1
2711	1	1	1	0	28	9422	0	1
2712	1	1	1	0	28	9422	0	1
2713	1	1	1	0	28	9422	0	1
2714	1	1	1	0	28	9422	0	1
2715	1	1	1	0	28	9422	0	1
2716	1	1	1	0	28	9422	0	1
2735	1	1	1	0	2	573	0	1
2736	1	1	1	0	2	573	0	1
2737	1	1	1	0	2	573	0	1
2738	1	1	1	0	2	573	0	1
2739	1	1	1	0	2	573	0	1
2740	1	1	1	0	2	573	0	1
2741	1	1	1	0	2	573	0	1
2742	1	1	1	0	28	9422	0	1
2743	1	1	1	0	28	9422	0	1
2744	1	1	1	0	28	9422	0	1
2745	1	1	1	0	28	9422	0	1
2746	1	1	1	0	28	9422	0	1
2747	1	1	1	0	28	9422	0	1
2748	1	1	1	0	28	9422	0	1
2749	1	1	1	0	28	9422	0	1
2750	1	1	1	0	28	9422	0	1
2751	1	1	1	0	28	9422	0	1
2752	1	1	1	0	28	9422	0	1
2753	1	1	1	0	28	9422	0	1
2771	1	1	1	0	2	573	0	1
2772	1	1	1	0	2	573	0	1
2773	1	1	1	0	2	573	0	1
2774	1	1	1	0	2	573	0	1
2777	1	1	1	0	2	573	0	1
2778	1	1	1	0	28	9422	0	1
2779	1	1	1	0	28	9422	0	1
2780	1	1	1	0	28	9422	0	1
2781	1	1	1	0	28	9422	0	1
2782	1	1	1	0	28	9422	0	1
2783	1	1	1	0	28	9422	0	1
2784	1	1	1	0	28	9422	0	1
2785	1	1	1	0	28	9422	0	1
2786	1	1	1	0	28	9422	0	1
2787	1	1	1	0	28	9422	0	1
2788	1	1	1	0	28	9422	0	1
2807	1	1	1	0	2	573	0	1
2808	1	1	1	0	2	573	0	1
2809	1	1	1	0	2	573	0	1
2810	1	1	1	0	2	573	0	1
2811	1	1	1	0	2	573	0	1
2812	1	1	1	0	2	573	0	1
2813	1	1	1	0	2	573	0	1
2814	1	1	1	0	28	9422	0	1
2815	1	1	1	0	28	9422	0	1
2816	1	1	1	0	28	9422	0	1
2817	1	1	1	0	28	9422	0	1
2818	1	1	1	0	28	9422	0	1
2819	1	1	1	0	28	9422	0	1
2820	1	1	1	0	28	9422	0	1
2821	1	1	1	0	28	9422	0	1
2822	1	1	1	0	28	9422	0	1
2823	1	1	1	0	28	9422	0	1
2824	1	1	1	0	28	9422	0	1
2825	1	1	1	0	28	9422	0	1
2843	1	1	1	0	28	9422	0	1
2844	1	1	1	0	28	9422	0	1
2845	1	1	1	0	28	9422	0	1
2849	1	1	1	0	2	573	0	1
2850	1	1	1	0	28	9422	0	1
2851	1	1	1	0	28	9422	0	1
2852	1	1	1	0	28	9422	0	1
2853	1	1	1	0	28	9422	0	1
2854	1	1	1	0	28	9422	0	1
2855	1	1	1	0	28	9422	0	1
2856	1	1	1	0	28	9422	0	1
2857	1	1	1	0	28	9422	0	1
2858	1	1	1	0	28	9422	0	1
2859	1	1	1	0	28	9422	0	1
2860	1	1	1	0	28	9422	0	1
2879	1	1	1	0	28	9422	0	1
2880	1	1	1	0	28	9422	0	1
2881	1	1	1	0	28	9422	0	1
2885	1	1	1	0	28	9422	0	1
2886	1	1	1	0	28	9422	0	1
2887	1	1	1	0	2	573	0	1
2888	1	1	1	0	28	9422	0	1
2889	1	1	1	0	28	9422	0	1
2890	1	1	1	0	28	9422	0	1
2891	1	1	1	0	28	9422	0	1
2892	1	1	1	0	28	9422	0	1
2893	1	1	1	0	28	9422	0	1
2894	1	1	1	0	28	9422	0	1
2895	1	1	1	0	28	9422	0	1
2896	1	1	1	0	28	9422	0	1
2897	1	1	1	0	28	9422	0	1
2915	1	1	1	0	28	9422	0	1
2916	1	1	1	0	28	9422	0	1
2917	1	1	1	0	28	9422	0	1
2921	1	1	1	0	28	9422	0	1
2922	1	1	1	0	28	9422	0	1
2923	1	1	1	0	28	9422	0	1
2924	1	1	1	0	28	9422	0	1
2925	1	1	1	0	28	9422	0	1
2926	1	1	1	0	28	9422	0	1
2927	1	1	1	0	2	573	0	1
2928	1	1	1	0	28	9422	0	1
2929	1	1	1	0	28	9422	0	1
2930	1	1	1	0	28	9422	0	1
2931	1	1	1	0	28	9422	0	1
2932	1	1	1	0	28	9422	0	1
2951	1	1	1	0	28	9422	0	1
2952	1	1	1	0	28	9422	0	1
2953	1	1	1	0	28	9422	0	1
2957	1	1	1	0	28	9422	0	1
2958	1	1	1	0	28	9422	0	1
2959	1	1	1	0	28	9422	0	1
2960	1	1	1	0	28	9422	0	1
2961	1	1	1	0	28	9422	0	1
2962	1	1	1	0	28	9422	0	1
2963	1	1	1	0	28	9422	0	1
2964	1	1	1	0	28	9422	0	1
2965	1	1	1	0	28	9422	0	1
2966	1	1	1	0	28	9422	0	1
2967	1	1	1	0	2	573	0	1
2968	1	1	1	0	28	9422	0	1
2969	1	1	1	0	28	9422	0	1
2987	1	1	1	0	28	9422	0	1
2988	1	1	1	0	28	9422	0	1
2989	1	1	1	0	28	9422	0	1
2993	1	1	1	0	28	9422	0	1
2994	1	1	1	0	28	9422	0	1
2995	1	1	1	0	28	9422	0	1
2996	1	1	1	0	28	9422	0	1
2997	1	1	1	0	28	9422	0	1
2998	1	1	1	0	28	9422	0	1
2999	1	1	1	0	28	9422	0	1
3000	1	1	1	0	28	9422	0	1
3001	1	1	1	0	28	9422	0	1
3002	1	1	1	0	28	9422	0	1
3003	1	1	1	0	28	9422	0	1
3004	1	1	1	0	28	9422	0	1
3023	1	1	1	0	2	573	0	1
3024	1	1	1	0	2	573	0	1
3025	1	1	1	0	2	573	0	1
3026	1	1	1	0	2	573	0	1
3027	1	1	1	0	2	573	0	1
3028	1	1	1	0	2	573	0	1
3029	1	1	1	0	2	573	0	1
3030	1	1	1	0	28	9422	0	1
3031	1	1	1	0	28	9422	0	1
3032	1	1	1	0	28	9422	0	1
3033	1	1	1	0	28	9422	0	1
3034	1	1	1	0	28	9422	0	1
3035	1	1	1	0	28	9422	0	1
3036	1	1	1	0	28	9422	0	1
3037	1	1	1	0	28	9422	0	1
3038	1	1	1	0	28	9422	0	1
3039	1	1	1	0	28	9422	0	1
3040	1	1	1	0	28	9422	0	1
3041	1	1	1	0	28	9422	0	1
3059	1	1	1	0	2	573	0	1
3060	1	1	1	0	2	573	0	1
3061	1	1	1	0	2	573	0	1
3062	1	1	1	0	2	573	0	1
3065	1	1	1	0	2	573	0	1
3066	1	1	1	0	28	9422	0	1
3067	1	1	1	0	28	9422	0	1
3068	1	1	1	0	28	9422	0	1
3069	1	1	1	0	28	9422	0	1
3070	1	1	1	0	28	9422	0	1
3071	1	1	1	0	28	9422	0	1
3072	1	1	1	0	28	9422	0	1
3073	1	1	1	0	28	9422	0	1
3074	1	1	1	0	28	9422	0	1
3075	1	1	1	0	28	9422	0	1
3076	1	1	1	0	28	9422	0	1
3095	1	1	1	0	2	573	0	1
3096	1	1	1	0	2	573	0	1
3097	1	1	1	0	2	573	0	1
3098	1	1	1	0	2	573	0	1
3099	1	1	1	0	2	573	0	1
3100	1	1	1	0	2	573	0	1
3101	1	1	1	0	2	573	0	1
3102	1	1	1	0	28	9422	0	1
3103	1	1	1	0	28	9422	0	1
3104	1	1	1	0	28	9422	0	1
3105	1	1	1	0	28	9422	0	1
3106	1	1	1	0	28	9422	0	1
3107	1	1	1	0	28	9422	0	1
3108	1	1	1	0	28	9422	0	1
3109	1	1	1	0	28	9422	0	1
3110	1	1	1	0	28	9422	0	1
3111	1	1	1	0	28	9422	0	1
3112	1	1	1	0	28	9422	0	1
3113	1	1	1	0	28	9422	0	1
3131	1	1	1	0	2	573	0	1
3132	1	1	1	0	2	573	0	1
3133	1	1	1	0	2	573	0	1
3134	1	1	1	0	2	573	0	1
3137	1	1	1	0	2	573	0	1
3138	1	1	1	0	28	9422	0	1
3139	1	1	1	0	28	9422	0	1
3140	1	1	1	0	28	9422	0	1
3141	1	1	1	0	28	9422	0	1
3142	1	1	1	0	28	9422	0	1
3143	1	1	1	0	28	9422	0	1
3144	1	1	1	0	28	9422	0	1
3145	1	1	1	0	28	9422	0	1
3146	1	1	1	0	28	9422	0	1
3147	1	1	1	0	28	9422	0	1
3148	1	1	1	0	28	9422	0	1
3167	1	1	1	0	2	573	0	1
3168	1	1	1	0	2	573	0	1
3169	1	1	1	0	2	573	0	1
3170	1	1	1	0	2	573	0	1
3171	1	1	1	0	2	573	0	1
3172	1	1	1	0	2	573	0	1
3173	1	1	1	0	2	573	0	1
3174	1	1	1	0	28	9422	0	1
3175	1	1	1	0	28	9422	0	1
3176	1	1	1	0	28	9422	0	1
3177	1	1	1	0	28	9422	0	1
3178	1	1	1	0	28	9422	0	1
3179	1	1	1	0	28	9422	0	1
3180	1	1	1	0	28	9422	0	1
3181	1	1	1	0	28	9422	0	1
3182	1	1	1	0	28	9422	0	1
3183	1	1	1	0	28	9422	0	1
3184	1	1	1	0	28	9422	0	1
3185	1	1	1	0	28	9422	0	1
3203	1	1	1	0	28	9422	0	1
3204	1	1	1	0	28	9422	0	1
3205	1	1	1	0	28	9422	0	1
3209	1	1	1	0	2	573	0	1
3210	1	1	1	0	28	9422	0	1
3211	1	1	1	0	28	9422	0	1
3212	1	1	1	0	28	9422	0	1
3213	1	1	1	0	28	9422	0	1
3214	1	1	1	0	28	9422	0	1
3215	1	1	1	0	28	9422	0	1
3216	1	1	1	0	28	9422	0	1
3217	1	1	1	0	28	9422	0	1
3218	1	1	1	0	28	9422	0	1
3219	1	1	1	0	28	9422	0	1
3220	1	1	1	0	28	9422	0	1
3239	1	1	1	0	28	9422	0	1
3240	1	1	1	0	28	9422	0	1
3241	1	1	1	0	28	9422	0	1
3245	1	1	1	0	28	9422	0	1
3246	1	1	1	0	28	9422	0	1
3247	1	1	1	0	2	573	0	1
3248	1	1	1	0	28	9422	0	1
3249	1	1	1	0	28	9422	0	1
3250	1	1	1	0	28	9422	0	1
3251	1	1	1	0	28	9422	0	1
3252	1	1	1	0	28	9422	0	1
3253	1	1	1	0	28	9422	0	1
3254	1	1	1	0	28	9422	0	1
3255	1	1	1	0	28	9422	0	1
3256	1	1	1	0	28	9422	0	1
3257	1	1	1	0	28	9422	0	1
3275	1	1	1	0	28	9422	0	1
3276	1	1	1	0	28	9422	0	1
3277	1	1	1	0	28	9422	0	1
3281	1	1	1	0	28	9422	0	1
3282	1	1	1	0	28	9422	0	1
3283	1	1	1	0	28	9422	0	1
3284	1	1	1	0	28	9422	0	1
3285	1	1	1	0	28	9422	0	1
3286	1	1	1	0	28	9422	0	1
3287	1	1	1	0	2	573	0	1
3288	1	1	1	0	28	9422	0	1
3289	1	1	1	0	28	9422	0	1
3290	1	1	1	0	28	9422	0	1
3291	1	1	1	0	28	9422	0	1
3292	1	1	1	0	28	9422	0	1
3311	1	1	1	0	28	9422	0	1
3312	1	1	1	0	28	9422	0	1
3313	1	1	1	0	28	9422	0	1
3317	1	1	1	0	28	9422	0	1
3318	1	1	1	0	28	9422	0	1
3319	1	1	1	0	28	9422	0	1
3320	1	1	1	0	28	9422	0	1
3321	1	1	1	0	28	9422	0	1
3322	1	1	1	0	28	9422	0	1
3323	1	1	1	0	28	9422	0	1
3324	1	1	1	0	28	9422	0	1
3325	1	1	1	0	28	9422	0	1
3326	1	1	1	0	28	9422	0	1
3327	1	1	1	0	2	573	0	1
3328	1	1	1	0	28	9422	0	1
3329	1	1	1	0	28	9422	0	1
3347	1	1	1	0	28	9422	0	1
3348	1	1	1	0	28	9422	0	1
3349	1	1	1	0	28	9422	0	1
3354	1	1	1	0	28	9422	0	0
3355	1	1	1	0	28	9422	0	1
3356	1	1	1	0	28	9422	0	1
3357	1	1	1	0	28	9422	0	1
3358	1	1	1	0	28	9422	0	1
3359	1	1	1	0	28	9422	0	1
3360	1	1	1	0	28	9422	0	1
3361	1	1	1	0	28	9422	0	1
3362	1	1	1	0	28	9422	0	1
3363	1	1	1	0	28	9422	0	1
3364	1	1	1	0	28	9422	0	1
3365	1	1	1	0	28	9422	0	1
3385	1	1	1	0	2	573	0	1
3386	1	1	1	0	2	573	0	1
3387	1	1	1	0	2	573	0	1
3388	1	1	1	0	2	573	0	1
3389	1	1	1	0	2	573	0	1
3390	1	1	1	0	2	573	0	1
3391	1	1	1	0	2	573	0	1
3392	1	1	1	0	2	573	0	1
3393	1	1	1	0	2	573	0	1
3394	1	1	1	0	2	573	0	1
3395	1	1	1	0	2	573	0	1
3396	1	1	1	0	2	573	0	1
3397	1	1	1	0	2	573	0	1
3398	1	1	1	0	2	573	0	1
3399	1	1	1	0	2	573	0	1
3400	1	1	1	0	2	573	0	1
3401	1	1	1	0	2	573	0	1
3402	1	1	1	0	2	573	0	1
3403	1	1	1	0	2	573	0	1
3404	1	1	1	0	2	573	0	1
3405	1	1	1	0	2	573	0	1
3406	1	1	1	0	2	573	0	1
3407	1	1	1	0	2	573	0	1
3408	1	1	1	0	2	573	0	1
3409	1	1	1	0	2	573	0	1
3410	1	1	1	0	2	573	0	1
3411	1	1	1	0	2	573	0	1
3412	1	1	1	0	2	573	0	1
3413	1	1	1	0	2	573	0	1
3424	1	1	1	0	2	573	0	1
3425	1	1	1	0	2	573	0	1
3426	1	1	1	0	2	573	0	1
3427	1	1	1	0	2	573	0	1
3428	1	1	1	0	2	573	0	1
3429	1	1	1	0	2	573	0	1
3430	1	1	1	0	2	573	0	1
3431	1	1	1	0	2	573	0	1
3432	1	1	1	0	2	573	0	1
3433	1	1	1	0	2	573	0	1
3444	1	1	1	0	2	573	0	1
3445	1	1	1	0	2	573	0	1
3446	1	1	1	0	2	573	0	1
3447	1	1	1	0	2	573	0	1
3448	1	1	1	0	2	573	0	1
3449	1	1	1	0	2	573	0	1
3450	1	1	1	0	2	573	0	1
3451	1	1	1	0	2	573	0	1
3452	1	1	1	0	2	573	0	1
3453	1	1	1	0	2	573	0	1
3464	1	1	1	0	2	573	0	1
3465	1	1	1	0	2	573	0	1
3466	1	1	1	0	2	573	0	1
3467	1	1	1	0	2	573	0	1
3468	1	1	1	0	2	573	0	1
3469	1	1	1	0	2	573	0	1
3470	1	1	1	0	2	573	0	1
3471	1	1	1	0	2	573	0	1
3472	1	1	1	0	2	573	0	1
3473	1	1	1	0	2	573	0	1
3484	1	1	1	0	2	573	0	1
3485	1	1	1	0	2	573	0	1
3486	1	1	1	0	2	573	0	1
3487	1	1	1	0	2	573	0	1
3488	1	1	1	0	2	573	0	1
3489	1	1	1	0	2	573	0	1
3490	1	1	1	0	2	573	0	1
3491	1	1	1	0	2	573	0	1
3492	1	1	1	0	2	573	0	1
3493	1	1	1	0	2	573	0	1
3504	1	1	1	0	2	573	0	1
3505	1	1	1	0	2	573	0	1
3506	1	1	1	0	2	573	0	1
3507	1	1	1	0	2	573	0	1
3508	1	1	1	0	2	573	0	1
3509	1	1	1	0	2	573	0	1
3510	1	1	1	0	2	573	0	1
3511	1	1	1	0	2	573	0	1
3512	1	1	1	0	2	573	0	1
3513	1	1	1	0	2	573	0	1
3524	1	1	1	0	2	573	0	1
3525	1	1	1	0	2	573	0	1
3526	1	1	1	0	2	573	0	1
3527	1	1	1	0	2	573	0	1
3528	1	1	1	0	2	573	0	1
3529	1	1	1	0	2	573	0	1
3530	1	1	1	0	2	573	0	1
3531	1	1	1	0	2	573	0	1
3532	1	1	1	0	2	573	0	1
3533	1	1	1	0	2	573	0	1
3544	1	1	1	0	2	573	0	1
3545	1	1	1	0	2	573	0	1
3546	1	1	1	0	2	573	0	1
3547	1	1	1	0	2	573	0	1
3548	1	1	1	0	2	573	0	1
3549	1	1	1	0	2	573	0	1
3550	1	1	1	0	2	573	0	1
3551	1	1	1	0	2	573	0	1
3552	1	1	1	0	2	573	0	1
3553	1	1	1	0	2	573	0	1
3564	1	1	1	0	2	573	0	1
3565	1	1	1	0	2	573	0	1
3566	1	1	1	0	2	573	0	1
3567	1	1	1	0	2	573	0	1
3568	1	1	1	0	2	573	0	1
3569	1	1	1	0	2	573	0	1
3570	1	1	1	0	2	573	0	1
3571	1	1	1	0	2	573	0	1
3572	1	1	1	0	2	573	0	1
3573	1	1	1	0	2	573	0	1
3584	1	1	1	0	2	573	0	1
3585	1	1	1	0	2	573	0	1
3586	1	1	1	0	2	573	0	1
3587	1	1	1	0	2	573	0	1
3588	1	1	1	0	2	573	0	1
3589	1	1	1	0	2	573	0	1
3590	1	1	1	0	2	573	0	1
3591	1	1	1	0	2	573	0	1
3592	1	1	1	0	2	573	0	1
3593	1	1	1	0	2	573	0	1
3604	1	1	1	0	2	573	0	1
3605	1	1	1	0	2	573	0	1
3606	1	1	1	0	2	573	0	1
3607	1	1	1	0	2	573	0	1
3608	1	1	1	0	2	573	0	1
3609	1	1	1	0	2	573	0	1
3610	1	1	1	0	2	573	0	1
3611	1	1	1	0	2	573	0	1
3612	1	1	1	0	2	573	0	1
3613	1	1	1	0	2	573	0	1
3624	1	1	1	0	2	573	0	1
3625	1	1	1	0	2	573	0	1
3626	1	1	1	0	2	573	0	1
3627	1	1	1	0	2	573	0	1
3628	1	1	1	0	2	573	0	1
3629	1	1	1	0	2	573	0	1
3630	1	1	1	0	2	573	0	1
3631	1	1	1	0	2	573	0	1
3632	1	1	1	0	2	573	0	1
3633	1	1	1	0	2	573	0	1
3644	1	1	1	0	2	573	0	1
3645	1	1	1	0	2	573	0	1
3646	1	1	1	0	2	573	0	1
3647	1	1	1	0	2	573	0	1
3648	1	1	1	0	2	573	0	1
3649	1	1	1	0	2	573	0	1
3650	1	1	1	0	2	573	0	1
3651	1	1	1	0	2	573	0	1
3652	1	1	1	0	2	573	0	1
3653	1	1	1	0	2	573	0	1
3664	1	1	1	0	2	573	0	1
3665	1	1	1	0	2	573	0	1
3666	1	1	1	0	2	573	0	1
3667	1	1	1	0	2	573	0	1
3668	1	1	1	0	2	573	0	1
3669	1	1	1	0	2	573	0	1
3670	1	1	1	0	2	573	0	1
3671	1	1	1	0	2	573	0	1
3672	1	1	1	0	2	573	0	1
3673	1	1	1	0	2	573	0	1
3684	1	1	1	0	2	573	0	1
3685	1	1	1	0	2	573	0	1
3686	1	1	1	0	2	573	0	1
3687	1	1	1	0	2	573	0	1
3688	1	1	1	0	2	573	0	1
3689	1	1	1	0	2	573	0	1
3690	1	1	1	0	2	573	0	1
3691	1	1	1	0	2	573	0	1
3692	1	1	1	0	2	573	0	1
3693	1	1	1	0	2	573	0	1
3704	1	1	1	0	2	573	0	1
3705	1	1	1	0	2	573	0	1
3706	1	1	1	0	2	573	0	1
3707	1	1	1	0	2	573	0	1
3708	1	1	1	0	2	573	0	1
3709	1	1	1	0	2	573	0	1
3710	1	1	1	0	2	573	0	1
3711	1	1	1	0	2	573	0	1
3712	1	1	1	0	2	573	0	1
3713	1	1	1	0	2	573	0	1
3724	1	1	1	0	2	573	0	1
3725	1	1	1	0	2	573	0	1
3726	1	1	1	0	2	573	0	1
3727	1	1	1	0	2	573	0	1
3728	1	1	1	0	2	573	0	1
3729	1	1	1	0	2	573	0	1
3730	1	1	1	0	2	573	0	1
3731	1	1	1	0	2	573	0	1
3732	1	1	1	0	2	573	0	1
3733	1	1	1	0	2	573	0	1
3744	1	1	1	0	2	573	0	1
3745	1	1	1	0	2	573	0	1
3746	1	1	1	0	2	573	0	1
3747	1	1	1	0	2	573	0	1
3748	1	1	1	0	2	573	0	1
3749	1	1	1	0	2	573	0	1
3750	1	1	1	0	2	573	0	1
3751	1	1	1	0	2	573	0	1
3752	1	1	1	0	2	573	0	1
3753	1	1	1	0	2	573	0	1
3764	1	1	1	0	2	573	0	1
3765	1	1	1	0	2	573	0	1
3766	1	1	1	0	2	573	0	1
3767	1	1	1	0	2	573	0	1
3768	1	1	1	0	2	573	0	1
3769	1	1	1	0	2	573	0	1
3770	1	1	1	0	2	573	0	1
3771	1	1	1	0	2	573	0	1
3772	1	1	1	0	2	573	0	1
3773	1	1	1	0	2	573	0	1
3784	1	1	1	0	2	573	0	1
3785	1	1	1	0	2	573	0	1
3786	1	1	1	0	2	573	0	1
3787	1	1	1	0	2	573	0	1
3788	1	1	1	0	2	573	0	1
3789	1	1	1	0	2	573	0	1
3790	1	1	1	0	2	573	0	1
3791	1	1	1	0	2	573	0	1
3792	1	1	1	0	2	573	0	1
3793	1	1	1	0	2	573	0	1
3804	1	1	1	0	2	573	0	1
3805	1	1	1	0	2	573	0	1
3806	1	1	1	0	2	573	0	1
3807	1	1	1	0	2	573	0	1
3808	1	1	1	0	2	573	0	1
3809	1	1	1	0	2	573	0	1
3810	1	1	1	0	2	573	0	1
3811	1	1	1	0	2	573	0	1
3812	1	1	1	0	2	573	0	1
3813	1	1	1	0	2	573	0	1
3824	1	1	1	0	2	573	0	1
3825	1	1	1	0	2	573	0	1
3826	1	1	1	0	2	573	0	1
3827	1	1	1	0	2	573	0	1
3828	1	1	1	0	2	573	0	1
3829	1	1	1	0	2	573	0	1
3830	1	1	1	0	2	573	0	1
3831	1	1	1	0	2	573	0	1
3832	1	1	1	0	2	573	0	1
3833	1	1	1	0	2	573	0	1
3844	1	1	1	0	2	573	0	1
3845	1	1	1	0	2	573	0	1
3846	1	1	1	0	2	573	0	1
3847	1	1	1	0	2	573	0	1
3848	1	1	1	0	2	573	0	1
3849	1	1	1	0	2	573	0	1
3850	1	1	1	0	2	573	0	1
3851	1	1	1	0	2	573	0	1
3852	1	1	1	0	2	573	0	1
3853	1	1	1	0	2	573	0	1
3864	1	1	1	0	2	573	0	1
3865	1	1	1	0	2	573	0	1
3866	1	1	1	0	2	573	0	1
3867	1	1	1	0	2	573	0	1
3868	1	1	1	0	2	573	0	1
3869	1	1	1	0	2	573	0	1
3870	1	1	1	0	2	573	0	1
3871	1	1	1	0	2	573	0	1
3872	1	1	1	0	2	573	0	1
3873	1	1	1	0	2	573	0	1
3884	1	1	1	0	2	573	0	1
3885	1	1	1	0	2	573	0	1
3886	1	1	1	0	2	573	0	1
3887	1	1	1	0	2	573	0	1
3888	1	1	1	0	2	573	0	1
3889	1	1	1	0	2	573	0	1
3890	1	1	1	0	2	573	0	1
3891	1	1	1	0	2	573	0	1
3892	1	1	1	0	2	573	0	1
3893	1	1	1	0	2	573	0	1
3904	1	1	1	0	2	573	0	1
3905	1	1	1	0	2	573	0	1
3906	1	1	1	0	2	573	0	1
3907	1	1	1	0	2	573	0	1
3908	1	1	1	0	2	573	0	1
3909	1	1	1	0	2	573	0	1
3910	1	1	1	0	2	573	0	1
3911	1	1	1	0	2	573	0	1
3912	1	1	1	0	2	573	0	1
3913	1	1	1	0	2	573	0	1
3924	1	1	1	0	2	573	0	1
3925	1	1	1	0	2	573	0	1
3926	1	1	1	0	2	573	0	1
3927	1	1	1	0	2	573	0	1
3928	1	1	1	0	2	573	0	1
3929	1	1	1	0	2	573	0	1
3930	1	1	1	0	2	573	0	1
3931	1	1	1	0	2	573	0	1
3932	1	1	1	0	2	573	0	1
3933	1	1	1	0	2	573	0	1
3944	1	1	1	0	2	573	0	1
3945	1	1	1	0	2	573	0	1
3946	1	1	1	0	2	573	0	1
3947	1	1	1	0	2	573	0	1
3948	1	1	1	0	2	573	0	1
3949	1	1	1	0	2	573	0	1
3950	1	1	1	0	2	573	0	1
3951	1	1	1	0	2	573	0	1
3952	1	1	1	0	2	573	0	1
3953	1	1	1	0	2	573	0	1
3964	1	1	1	0	2	573	0	1
3965	1	1	1	0	2	573	0	1
3966	1	1	1	0	2	573	0	1
3967	1	1	1	0	2	573	0	1
3968	1	1	1	0	2	573	0	1
3969	1	1	1	0	2	573	0	1
3970	1	1	1	0	2	573	0	1
3971	1	1	1	0	2	573	0	1
3972	1	1	1	0	2	573	0	1
3973	1	1	1	0	2	573	0	1
3984	1	1	1	0	2	573	0	1
3985	1	1	1	0	2	573	0	1
3986	1	1	1	0	2	573	0	1
3987	1	1	1	0	2	573	0	1
3988	1	1	1	0	2	573	0	1
3989	1	1	1	0	2	573	0	1
3990	1	1	1	0	2	573	0	1
3991	1	1	1	0	2	573	0	1
3992	1	1	1	0	2	573	0	1
3993	1	1	1	0	2	573	0	1
4004	1	1	1	0	2	573	0	1
4005	1	1	1	0	2	573	0	1
4006	1	1	1	0	2	573	0	1
4007	1	1	1	0	2	573	0	1
4008	1	1	1	0	2	573	0	1
4009	1	1	1	0	2	573	0	1
4010	1	1	1	0	2	573	0	1
4011	1	1	1	0	2	573	0	1
4012	1	1	1	0	2	573	0	1
4013	1	1	1	0	2	573	0	1
4024	1	1	1	0	2	573	0	1
4025	1	1	1	0	2	573	0	1
4026	1	1	1	0	2	573	0	1
4027	1	1	1	0	2	573	0	1
4028	1	1	1	0	2	573	0	1
4029	1	1	1	0	2	573	0	1
4030	1	1	1	0	2	573	0	1
4031	1	1	1	0	2	573	0	1
4032	1	1	1	0	2	573	0	1
4033	1	1	1	0	2	573	0	1
4044	1	1	1	0	2	573	0	1
4045	1	1	1	0	2	573	0	1
4046	1	1	1	0	2	573	0	1
4047	1	1	1	0	2	573	0	1
4048	1	1	1	0	2	573	0	1
4049	1	1	1	0	2	573	0	1
4050	1	1	1	0	2	573	0	1
4051	1	1	1	0	2	573	0	1
4052	1	1	1	0	2	573	0	1
4053	1	1	1	0	2	573	0	1
4064	1	1	1	0	2	573	0	1
4065	1	1	1	0	2	573	0	1
4066	1	1	1	0	2	573	0	1
4067	1	1	1	0	2	573	0	1
4068	1	1	1	0	2	573	0	1
4069	1	1	1	0	2	573	0	1
4070	1	1	1	0	2	573	0	1
4071	1	1	1	0	2	573	0	1
4072	1	1	1	0	2	573	0	1
4073	1	1	1	0	2	573	0	1
4084	1	1	1	0	2	573	0	1
4085	1	1	1	0	2	573	0	1
4086	1	1	1	0	2	573	0	1
4087	1	1	1	0	2	573	0	1
4088	1	1	1	0	2	573	0	1
4089	1	1	1	0	2	573	0	1
4090	1	1	1	0	2	573	0	1
4091	1	1	1	0	2	573	0	1
4092	1	1	1	0	2	573	0	1
4093	1	1	1	0	2	573	0	1
4104	1	1	1	0	2	573	0	1
4105	1	1	1	0	2	573	0	1
4106	1	1	1	0	2	573	0	1
4107	1	1	1	0	2	573	0	1
4108	1	1	1	0	2	573	0	1
4109	1	1	1	0	2	573	0	1
4110	1	1	1	0	2	573	0	1
4111	1	1	1	0	2	573	0	1
4112	1	1	1	0	2	573	0	1
4113	1	1	1	0	2	573	0	1
4124	1	1	1	0	2	573	0	1
4125	1	1	1	0	2	573	0	1
4126	1	1	1	0	2	573	0	1
4127	1	1	1	0	2	573	0	1
4128	1	1	1	0	2	573	0	1
4129	1	1	1	0	2	573	0	1
4130	1	1	1	0	2	573	0	1
4131	1	1	1	0	2	573	0	1
4132	1	1	1	0	2	573	0	1
4133	1	1	1	0	2	573	0	1
4144	1	1	1	0	2	573	0	1
4145	1	1	1	0	2	573	0	1
4146	1	1	1	0	2	573	0	1
4147	1	1	1	0	2	573	0	1
4148	1	1	1	0	2	573	0	1
4149	1	1	1	0	2	573	0	1
4150	1	1	1	0	2	573	0	1
4151	1	1	1	0	2	573	0	1
4152	1	1	1	0	2	573	0	1
4153	1	1	1	0	2	573	0	1
4164	1	1	1	0	2	573	0	1
4165	1	1	1	0	2	573	0	1
4166	1	1	1	0	2	573	0	1
4167	1	1	1	0	2	573	0	1
4168	1	1	1	0	2	573	0	1
4169	1	1	1	0	2	573	0	1
4170	1	1	1	0	2	573	0	1
4171	1	1	1	0	2	573	0	1
4172	1	1	1	0	2	573	0	1
4173	1	1	1	0	2	573	0	1
4184	1	1	1	0	2	573	0	1
4185	1	1	1	0	2	573	0	1
4186	1	1	1	0	2	573	0	1
4187	1	1	1	0	2	573	0	1
4188	1	1	1	0	2	573	0	1
4189	1	1	1	0	2	573	0	1
4190	1	1	1	0	2	573	0	1
4191	1	1	1	0	2	573	0	1
4192	1	1	1	0	2	573	0	1
4193	1	1	1	0	2	573	0	1
4204	1	1	1	0	2	573	0	1
4205	1	1	1	0	2	573	0	1
4206	1	1	1	0	2	573	0	1
4207	1	1	1	0	2	573	0	1
4208	1	1	1	0	2	573	0	1
4209	1	1	1	0	2	573	0	1
4210	1	1	1	0	2	573	0	1
4211	1	1	1	0	2	573	0	1
4212	1	1	1	0	2	573	0	1
4213	1	1	1	0	2	573	0	1
4224	1	1	1	0	2	573	0	1
4225	1	1	1	0	2	573	0	1
4226	1	1	1	0	2	573	0	1
4227	1	1	1	0	2	573	0	1
4228	1	1	1	0	2	573	0	1
4229	1	1	1	0	2	573	0	1
4230	1	1	1	0	2	573	0	1
4231	1	1	1	0	2	573	0	1
4232	1	1	1	0	2	573	0	1
4233	1	1	1	0	2	573	0	1
4244	1	1	1	0	2	573	0	1
4245	1	1	1	0	2	573	0	1
4246	1	1	1	0	2	573	0	1
4247	1	1	1	0	2	573	0	1
4248	1	1	1	0	2	573	0	1
4249	1	1	1	0	2	573	0	1
4250	1	1	1	0	2	573	0	1
4251	1	1	1	0	2	573	0	1
4252	1	1	1	0	2	573	0	1
4253	1	1	1	0	2	573	0	1
4264	1	1	1	0	2	573	0	1
4265	1	1	1	0	2	573	0	1
4266	1	1	1	0	2	573	0	1
4267	1	1	1	0	2	573	0	1
4268	1	1	1	0	2	573	0	1
4269	1	1	1	0	2	573	0	1
4270	1	1	1	0	2	573	0	1
4271	1	1	1	0	2	573	0	1
4272	1	1	1	0	2	573	0	1
4273	1	1	1	0	2	573	0	1
4284	1	1	1	0	2	573	0	1
4285	1	1	1	0	2	573	0	1
4286	1	1	1	0	2	573	0	1
4287	1	1	1	0	2	573	0	1
4288	1	1	1	0	2	573	0	1
4289	1	1	1	0	2	573	0	1
4290	1	1	1	0	2	573	0	1
4291	1	1	1	0	2	573	0	1
4292	1	1	1	0	2	573	0	1
4293	1	1	1	0	2	573	0	1
4304	1	1	1	0	2	573	0	1
4305	1	1	1	0	2	573	0	1
4306	1	1	1	0	2	573	0	1
4307	1	1	1	0	2	573	0	1
4308	1	1	1	0	2	573	0	1
4309	1	1	1	0	2	573	0	1
4310	1	1	1	0	2	573	0	1
4311	1	1	1	0	2	573	0	1
4312	1	1	1	0	2	573	0	1
4313	1	1	1	0	2	573	0	1
4324	1	1	1	0	2	573	0	1
4325	1	1	1	0	2	573	0	1
4326	1	1	1	0	2	573	0	1
4327	1	1	1	0	2	573	0	1
4328	1	1	1	0	2	573	0	1
4329	1	1	1	0	2	573	0	1
4330	1	1	1	0	2	573	0	1
4331	1	1	1	0	2	573	0	1
4332	1	1	1	0	2	573	0	1
4333	1	1	1	0	2	573	0	1
4344	1	1	1	0	2	573	0	1
4345	1	1	1	0	2	573	0	1
4346	1	1	1	0	2	573	0	1
4347	1	1	1	0	2	573	0	1
4348	1	1	1	0	2	573	0	1
4349	1	1	1	0	2	573	0	1
4350	1	1	1	0	2	573	0	1
4351	1	1	1	0	2	573	0	1
4352	1	1	1	0	2	573	0	1
4353	1	1	1	0	2	573	0	1
4364	1	1	1	0	2	573	0	1
4365	1	1	1	0	2	573	0	1
4366	1	1	1	0	2	573	0	1
4367	1	1	1	0	2	573	0	1
4368	1	1	1	0	2	573	0	1
4369	1	1	1	0	2	573	0	1
4370	1	1	1	0	2	573	0	1
4371	1	1	1	0	2	573	0	1
4372	1	1	1	0	2	573	0	1
4373	1	1	1	0	2	573	0	1
4384	1	1	1	0	2	573	0	1
4385	1	1	1	0	2	573	0	1
4386	1	1	1	0	2	573	0	1
4387	1	1	1	0	2	573	0	1
4388	1	1	1	0	2	573	0	1
4389	1	1	1	0	2	573	0	1
4390	1	1	1	0	2	573	0	1
4391	1	1	1	0	2	573	0	1
4392	1	1	1	0	2	573	0	1
4393	1	1	1	0	2	573	0	1
4395	1	1	1	0	2	573	0	1
4396	1	1	1	0	2	573	0	1
4397	1	1	1	0	2	573	0	1
4398	1	1	1	0	2	573	0	1
4399	1	1	1	0	2	573	0	1
4400	1	1	1	0	2	573	0	1
4401	1	1	1	0	2	573	0	1
4402	1	1	1	0	2	573	0	1
4403	1	1	1	0	2	573	0	1
4404	1	1	1	0	2	573	0	1
4415	1	1	1	0	2	573	0	1
4416	1	1	1	0	2	573	0	1
4417	1	1	1	0	2	573	0	1
4418	1	1	1	0	2	573	0	1
4419	1	1	1	0	2	573	0	1
4420	1	1	1	0	2	573	0	1
4421	1	1	1	0	2	573	0	1
4422	1	1	1	0	2	573	0	1
4423	1	1	1	0	2	573	0	1
4424	1	1	1	0	2	573	0	1
4435	1	1	1	0	2	573	0	1
4436	1	1	1	0	2	573	0	1
4437	1	1	1	0	2	573	0	1
4438	1	1	1	0	2	573	0	1
4439	1	1	1	0	2	573	0	1
4440	1	1	1	0	2	573	0	1
4441	1	1	1	0	2	573	0	1
4442	1	1	1	0	2	573	0	1
4443	1	1	1	0	2	573	0	1
4444	1	1	1	0	2	573	0	1
4455	1	1	1	0	2	573	0	1
4456	1	1	1	0	2	573	0	1
4457	1	1	1	0	2	573	0	1
4458	1	1	1	0	2	573	0	1
4459	1	1	1	0	2	573	0	1
4460	1	1	1	0	2	573	0	1
4461	1	1	1	0	2	573	0	1
4462	1	1	1	0	2	573	0	1
4463	1	1	1	0	2	573	0	1
4464	1	1	1	0	2	573	0	1
4475	1	1	1	0	2	573	0	1
4476	1	1	1	0	2	573	0	1
4477	1	1	1	0	2	573	0	1
4478	1	1	1	0	2	573	0	1
4479	1	1	1	0	2	573	0	1
4480	1	1	1	0	2	573	0	1
4481	1	1	1	0	2	573	0	1
4482	1	1	1	0	2	573	0	1
4483	1	1	1	0	2	573	0	1
4484	1	1	1	0	2	573	0	1
4495	1	1	1	0	2	573	0	1
4496	1	1	1	0	2	573	0	1
4497	1	1	1	0	2	573	0	1
4498	1	1	1	0	2	573	0	1
4499	1	1	1	0	2	573	0	1
4500	1	1	1	0	2	573	0	1
4501	1	1	1	0	2	573	0	1
4502	1	1	1	0	2	573	0	1
4503	1	1	1	0	2	573	0	1
4504	1	1	1	0	2	573	0	1
4515	1	1	1	0	2	573	0	1
4516	1	1	1	0	2	573	0	1
4517	1	1	1	0	2	573	0	1
4518	1	1	1	0	2	573	0	1
4519	1	1	1	0	2	573	0	1
4520	1	1	1	0	2	573	0	1
4521	1	1	1	0	2	573	0	1
4522	1	1	1	0	2	573	0	1
4523	1	1	1	0	2	573	0	1
4524	1	1	1	0	2	573	0	1
4535	1	1	1	0	2	573	0	1
4536	1	1	1	0	2	573	0	1
4537	1	1	1	0	2	573	0	1
4538	1	1	1	0	2	573	0	1
4539	1	1	1	0	2	573	0	1
4540	1	1	1	0	2	573	0	1
4541	1	1	1	0	2	573	0	1
4542	1	1	1	0	2	573	0	1
4543	1	1	1	0	2	573	0	1
4544	1	1	1	0	2	573	0	1
4555	1	1	1	0	2	573	0	1
4556	1	1	1	0	2	573	0	1
4557	1	1	1	0	2	573	0	1
4558	1	1	1	0	2	573	0	1
4559	1	1	1	0	2	573	0	1
4560	1	1	1	0	2	573	0	1
4561	1	1	1	0	2	573	0	1
4562	1	1	1	0	2	573	0	1
4563	1	1	1	0	2	573	0	1
4564	1	1	1	0	2	573	0	1
4575	1	1	1	0	2	573	0	1
4576	1	1	1	0	2	573	0	1
4577	1	1	1	0	2	573	0	1
4578	1	1	1	0	2	573	0	1
4579	1	1	1	0	2	573	0	1
4580	1	1	1	0	2	573	0	1
4581	1	1	1	0	2	573	0	1
4582	1	1	1	0	2	573	0	1
4583	1	1	1	0	2	573	0	1
4584	1	1	1	0	2	573	0	1
4595	1	1	1	0	2	573	0	1
4596	1	1	1	0	2	573	0	1
4597	1	1	1	0	2	573	0	1
4598	1	1	1	0	2	573	0	1
4599	1	1	1	0	2	573	0	1
4600	1	1	1	0	2	573	0	1
4601	1	1	1	0	2	573	0	1
4602	1	1	1	0	2	573	0	1
4603	1	1	1	0	2	573	0	1
4604	1	1	1	0	2	573	0	1
4615	1	1	1	0	2	573	0	1
4616	1	1	1	0	2	573	0	1
4617	1	1	1	0	2	573	0	1
4618	1	1	1	0	2	573	0	1
4619	1	1	1	0	2	573	0	1
4620	1	1	1	0	2	573	0	1
4621	1	1	1	0	2	573	0	1
4622	1	1	1	0	2	573	0	1
4623	1	1	1	0	2	573	0	1
4624	1	1	1	0	2	573	0	1
4635	1	1	1	0	2	573	0	1
4636	1	1	1	0	2	573	0	1
4637	1	1	1	0	2	573	0	1
4638	1	1	1	0	2	573	0	1
4639	1	1	1	0	2	573	0	1
4640	1	1	1	0	2	573	0	1
4641	1	1	1	0	2	573	0	1
4642	1	1	1	0	2	573	0	1
4643	1	1	1	0	2	573	0	1
4644	1	1	1	0	2	573	0	1
4655	1	1	1	0	2	573	0	1
4656	1	1	1	0	2	573	0	1
4657	1	1	1	0	2	573	0	1
4658	1	1	1	0	2	573	0	1
4659	1	1	1	0	2	573	0	1
4660	1	1	1	0	2	573	0	1
4661	1	1	1	0	2	573	0	1
4662	1	1	1	0	2	573	0	1
4663	1	1	1	0	2	573	0	1
4664	1	1	1	0	2	573	0	1
4675	1	1	1	0	2	573	0	1
4676	1	1	1	0	2	573	0	1
4677	1	1	1	0	2	573	0	1
4678	1	1	1	0	2	573	0	1
4679	1	1	1	0	2	573	0	1
4680	1	1	1	0	2	573	0	1
4681	1	1	1	0	2	573	0	1
4682	1	1	1	0	2	573	0	1
4683	1	1	1	0	2	573	0	1
4684	1	1	1	0	2	573	0	1
4695	1	1	1	0	2	573	0	1
4696	1	1	1	0	2	573	0	1
4697	1	1	1	0	2	573	0	1
4698	1	1	1	0	2	573	0	1
4699	1	1	1	0	2	573	0	1
4700	1	1	1	0	2	573	0	1
4701	1	1	1	0	2	573	0	1
4702	1	1	1	0	2	573	0	1
4703	1	1	1	0	2	573	0	1
4704	1	1	1	0	2	573	0	1
4715	1	1	1	0	2	573	0	1
4716	1	1	1	0	2	573	0	1
4717	1	1	1	0	2	573	0	1
4718	1	1	1	0	2	573	0	1
4719	1	1	1	0	2	573	0	1
4720	1	1	1	0	2	573	0	1
4721	1	1	1	0	2	573	0	1
4722	1	1	1	0	2	573	0	1
4723	1	1	1	0	2	573	0	1
4724	1	1	1	0	2	573	0	1
4735	1	1	1	0	2	573	0	1
4736	1	1	1	0	2	573	0	1
4737	1	1	1	0	2	573	0	1
4738	1	1	1	0	2	573	0	1
4739	1	1	1	0	2	573	0	1
4740	1	1	1	0	2	573	0	1
4741	1	1	1	0	2	573	0	1
4742	1	1	1	0	2	573	0	1
4743	1	1	1	0	2	573	0	1
4744	1	1	1	0	2	573	0	1
4755	1	1	1	0	2	573	0	1
4756	1	1	1	0	2	573	0	1
4757	1	1	1	0	2	573	0	1
4758	1	1	1	0	2	573	0	1
4759	1	1	1	0	2	573	0	1
4760	1	1	1	0	2	573	0	1
4761	1	1	1	0	2	573	0	1
4762	1	1	1	0	2	573	0	1
4763	1	1	1	0	2	573	0	1
4764	1	1	1	0	2	573	0	1
4775	1	1	1	0	2	573	0	1
4776	1	1	1	0	2	573	0	1
4777	1	1	1	0	2	573	0	1
4778	1	1	1	0	2	573	0	1
4779	1	1	1	0	2	573	0	1
4780	1	1	1	0	2	573	0	1
4781	1	1	1	0	2	573	0	1
4782	1	1	1	0	2	573	0	1
4783	1	1	1	0	2	573	0	1
4784	1	1	1	0	2	573	0	1
4795	1	1	1	0	2	573	0	1
4796	1	1	1	0	2	573	0	1
4797	1	1	1	0	2	573	0	1
4798	1	1	1	0	2	573	0	1
4799	1	1	1	0	2	573	0	1
4800	1	1	1	0	2	573	0	1
4801	1	1	1	0	2	573	0	1
4802	1	1	1	0	2	573	0	1
4803	1	1	1	0	2	573	0	1
4804	1	1	1	0	2	573	0	1
4815	1	1	1	0	2	573	0	1
4816	1	1	1	0	2	573	0	1
4817	1	1	1	0	2	573	0	1
4818	1	1	1	0	2	573	0	1
4819	1	1	1	0	2	573	0	1
4820	1	1	1	0	2	573	0	1
4821	1	1	1	0	2	573	0	1
4822	1	1	1	0	2	573	0	1
4823	1	1	1	0	2	573	0	1
4824	1	1	1	0	2	573	0	1
4835	1	1	1	0	2	573	0	1
4836	1	1	1	0	2	573	0	1
4837	1	1	1	0	2	573	0	1
4838	1	1	1	0	2	573	0	1
4839	1	1	1	0	2	573	0	1
4840	1	1	1	0	2	573	0	1
4841	1	1	1	0	2	573	0	1
4842	1	1	1	0	2	573	0	1
4843	1	1	1	0	2	573	0	1
4844	1	1	1	0	2	573	0	1
4855	1	1	1	0	2	573	0	1
4856	1	1	1	0	2	573	0	1
4857	1	1	1	0	2	573	0	1
4858	1	1	1	0	2	573	0	1
4859	1	1	1	0	2	573	0	1
4860	1	1	1	0	2	573	0	1
4861	1	1	1	0	2	573	0	1
4862	1	1	1	0	2	573	0	1
4863	1	1	1	0	2	573	0	1
4864	1	1	1	0	2	573	0	1
4875	1	1	1	0	2	573	0	1
4876	1	1	1	0	2	573	0	1
4877	1	1	1	0	2	573	0	1
4878	1	1	1	0	2	573	0	1
4879	1	1	1	0	2	573	0	1
4880	1	1	1	0	2	573	0	1
4881	1	1	1	0	2	573	0	1
4882	1	1	1	0	2	573	0	1
4883	1	1	1	0	2	573	0	1
4884	1	1	1	0	2	573	0	1
4895	1	1	1	0	2	573	0	1
4896	1	1	1	0	2	573	0	1
4897	1	1	1	0	2	573	0	1
4898	1	1	1	0	2	573	0	1
4899	1	1	1	0	2	573	0	1
4900	1	1	1	0	2	573	0	1
4901	1	1	1	0	2	573	0	1
4902	1	1	1	0	2	573	0	1
4903	1	1	1	0	2	573	0	1
4904	1	1	1	0	2	573	0	1
4915	1	1	1	0	2	573	0	1
4916	1	1	1	0	2	573	0	1
4917	1	1	1	0	2	573	0	1
4918	1	1	1	0	2	573	0	1
4919	1	1	1	0	2	573	0	1
4920	1	1	1	0	2	573	0	1
4921	1	1	1	0	2	573	0	1
4922	1	1	1	0	2	573	0	1
4923	1	1	1	0	2	573	0	1
4924	1	1	1	0	2	573	0	1
4935	1	1	1	0	2	573	0	1
4936	1	1	1	0	2	573	0	1
4937	1	1	1	0	2	573	0	1
4938	1	1	1	0	2	573	0	1
4939	1	1	1	0	2	573	0	1
4940	1	1	1	0	2	573	0	1
4941	1	1	1	0	2	573	0	1
4942	1	1	1	0	2	573	0	1
4943	1	1	1	0	2	573	0	1
4944	1	1	1	0	2	573	0	1
4955	1	1	1	0	2	573	0	1
4956	1	1	1	0	2	573	0	1
4957	1	1	1	0	2	573	0	1
4958	1	1	1	0	2	573	0	1
4959	1	1	1	0	2	573	0	1
4960	1	1	1	0	2	573	0	1
4961	1	1	1	0	2	573	0	1
4962	1	1	1	0	2	573	0	1
4963	1	1	1	0	2	573	0	1
4964	1	1	1	0	2	573	0	1
4975	1	1	1	0	2	573	0	1
4976	1	1	1	0	2	573	0	1
4977	1	1	1	0	2	573	0	1
4978	1	1	1	0	2	573	0	1
4979	1	1	1	0	2	573	0	1
4980	1	1	1	0	2	573	0	1
4981	1	1	1	0	2	573	0	1
4982	1	1	1	0	2	573	0	1
4983	1	1	1	0	2	573	0	1
4984	1	1	1	0	2	573	0	1
4995	1	1	1	0	2	573	0	1
4996	1	1	1	0	2	573	0	1
4997	1	1	1	0	2	573	0	1
4998	1	1	1	0	2	573	0	1
4999	1	1	1	0	2	573	0	1
5000	1	1	1	0	2	573	0	1
5001	1	1	1	0	2	573	0	1
5002	1	1	1	0	2	573	0	1
5003	1	1	1	0	2	573	0	1
5004	1	1	1	0	2	573	0	1
5015	1	1	1	0	2	573	0	1
5016	1	1	1	0	2	573	0	1
5017	1	1	1	0	2	573	0	1
5018	1	1	1	0	2	573	0	1
5019	1	1	1	0	2	573	0	1
5020	1	1	1	0	2	573	0	1
5021	1	1	1	0	2	573	0	1
5022	1	1	1	0	2	573	0	1
5023	1	1	1	0	2	573	0	1
5024	1	1	1	0	2	573	0	1
5035	1	1	1	0	2	573	0	1
5036	1	1	1	0	2	573	0	1
5037	1	1	1	0	2	573	0	1
5038	1	1	1	0	2	573	0	1
5039	1	1	1	0	2	573	0	1
5040	1	1	1	0	2	573	0	1
5041	1	1	1	0	2	573	0	1
5042	1	1	1	0	2	573	0	1
5043	1	1	1	0	2	573	0	1
5044	1	1	1	0	2	573	0	1
5055	1	1	1	0	2	573	0	1
5056	1	1	1	0	2	573	0	1
5057	1	1	1	0	2	573	0	1
5058	1	1	1	0	2	573	0	1
5059	1	1	1	0	2	573	0	1
5060	1	1	1	0	2	573	0	1
5061	1	1	1	0	2	573	0	1
5062	1	1	1	0	2	573	0	1
5063	1	1	1	0	2	573	0	1
5064	1	1	1	0	2	573	0	1
5075	1	1	1	0	2	573	0	1
5076	1	1	1	0	2	573	0	1
5077	1	1	1	0	2	573	0	1
5078	1	1	1	0	2	573	0	1
5079	1	1	1	0	2	573	0	1
5080	1	1	1	0	2	573	0	1
5081	1	1	1	0	2	573	0	1
5082	1	1	1	0	2	573	0	1
5083	1	1	1	0	2	573	0	1
5084	1	1	1	0	2	573	0	1
5095	1	1	1	0	2	573	0	1
5096	1	1	1	0	2	573	0	1
5097	1	1	1	0	2	573	0	1
5098	1	1	1	0	2	573	0	1
5099	1	1	1	0	2	573	0	1
5100	1	1	1	0	2	573	0	1
5101	1	1	1	0	2	573	0	1
5102	1	1	1	0	2	573	0	1
5103	1	1	1	0	2	573	0	1
5104	1	1	1	0	2	573	0	1
5115	1	1	1	0	2	573	0	1
5116	1	1	1	0	2	573	0	1
5117	1	1	1	0	2	573	0	1
5118	1	1	1	0	2	573	0	1
5119	1	1	1	0	2	573	0	1
5120	1	1	1	0	2	573	0	1
5121	1	1	1	0	2	573	0	1
5122	1	1	1	0	2	573	0	1
5123	1	1	1	0	2	573	0	1
5124	1	1	1	0	2	573	0	1
5135	1	1	1	0	2	573	0	1
5136	1	1	1	0	2	573	0	1
5137	1	1	1	0	2	573	0	1
5138	1	1	1	0	2	573	0	1
5139	1	1	1	0	2	573	0	1
5140	1	1	1	0	2	573	0	1
5141	1	1	1	0	2	573	0	1
5142	1	1	1	0	2	573	0	1
5143	1	1	1	0	2	573	0	1
5144	1	1	1	0	2	573	0	1
5155	1	1	1	0	2	573	0	1
5156	1	1	1	0	2	573	0	1
5157	1	1	1	0	2	573	0	1
5158	1	1	1	0	2	573	0	1
5159	1	1	1	0	2	573	0	1
5160	1	1	1	0	2	573	0	1
5161	1	1	1	0	2	573	0	1
5162	1	1	1	0	2	573	0	1
5163	1	1	1	0	2	573	0	1
5164	1	1	1	0	2	573	0	1
5175	1	1	1	0	2	573	0	1
5176	1	1	1	0	2	573	0	1
5177	1	1	1	0	2	573	0	1
5178	1	1	1	0	2	573	0	1
5179	1	1	1	0	2	573	0	1
5180	1	1	1	0	2	573	0	1
5181	1	1	1	0	2	573	0	1
5182	1	1	1	0	2	573	0	1
5183	1	1	1	0	2	573	0	1
5184	1	1	1	0	2	573	0	1
5195	1	1	1	0	2	573	0	1
5196	1	1	1	0	2	573	0	1
5197	1	1	1	0	2	573	0	1
5198	1	1	1	0	2	573	0	1
5199	1	1	1	0	2	573	0	1
5200	1	1	1	0	2	573	0	1
5201	1	1	1	0	2	573	0	1
5202	1	1	1	0	2	573	0	1
5203	1	1	1	0	2	573	0	1
5204	1	1	1	0	2	573	0	1
5215	1	1	1	0	2	573	0	1
5216	1	1	1	0	2	573	0	1
5217	1	1	1	0	2	573	0	1
5218	1	1	1	0	2	573	0	1
5219	1	1	1	0	2	573	0	1
5220	1	1	1	0	2	573	0	1
5221	1	1	1	0	2	573	0	1
5222	1	1	1	0	2	573	0	1
5223	1	1	1	0	2	573	0	1
5224	1	1	1	0	2	573	0	1
5235	1	1	1	0	2	573	0	1
5236	1	1	1	0	2	573	0	1
5237	1	1	1	0	2	573	0	1
5238	1	1	1	0	2	573	0	1
5239	1	1	1	0	2	573	0	1
5240	1	1	1	0	2	573	0	1
5241	1	1	1	0	2	573	0	1
5242	1	1	1	0	2	573	0	1
5243	1	1	1	0	2	573	0	1
5244	1	1	1	0	2	573	0	1
5255	1	1	1	0	2	573	0	1
5256	1	1	1	0	2	573	0	1
5257	1	1	1	0	2	573	0	1
5258	1	1	1	0	2	573	0	1
5259	1	1	1	0	2	573	0	1
5260	1	1	1	0	2	573	0	1
5261	1	1	1	0	2	573	0	1
5262	1	1	1	0	2	573	0	1
5263	1	1	1	0	2	573	0	1
5264	1	1	1	0	2	573	0	1
5275	1	1	1	0	2	573	0	1
5276	1	1	1	0	2	573	0	1
5277	1	1	1	0	2	573	0	1
5278	1	1	1	0	2	573	0	1
5279	1	1	1	0	2	573	0	1
5280	1	1	1	0	2	573	0	1
5281	1	1	1	0	2	573	0	1
5282	1	1	1	0	2	573	0	1
5283	1	1	1	0	2	573	0	1
5284	1	1	1	0	2	573	0	1
5295	1	1	1	0	2	573	0	1
5296	1	1	1	0	2	573	0	1
5297	1	1	1	0	2	573	0	1
5298	1	1	1	0	2	573	0	1
5299	1	1	1	0	2	573	0	1
5300	1	1	1	0	2	573	0	1
5301	1	1	1	0	2	573	0	1
5302	1	1	1	0	2	573	0	1
5303	1	1	1	0	2	573	0	1
5304	1	1	1	0	2	573	0	1
5315	1	1	1	0	2	573	0	1
5316	1	1	1	0	2	573	0	1
5317	1	1	1	0	2	573	0	1
5318	1	1	1	0	2	573	0	1
5319	1	1	1	0	2	573	0	1
5320	1	1	1	0	2	573	0	1
5321	1	1	1	0	2	573	0	1
5322	1	1	1	0	2	573	0	1
5323	1	1	1	0	2	573	0	1
5324	1	1	1	0	2	573	0	1
5335	1	1	1	0	2	573	0	1
5336	1	1	1	0	2	573	0	1
5337	1	1	1	0	2	573	0	1
5338	1	1	1	0	2	573	0	1
5339	1	1	1	0	2	573	0	1
5340	1	1	1	0	2	573	0	1
5341	1	1	1	0	2	573	0	1
5342	1	1	1	0	2	573	0	1
5343	1	1	1	0	2	573	0	1
5344	1	1	1	0	2	573	0	1
5355	1	1	1	0	2	573	0	1
5356	1	1	1	0	2	573	0	1
5357	1	1	1	0	2	573	0	1
5358	1	1	1	0	2	573	0	1
5359	1	1	1	0	2	573	0	1
5360	1	1	1	0	2	573	0	1
5361	1	1	1	0	2	573	0	1
5362	1	1	1	0	2	573	0	1
5363	1	1	1	0	2	573	0	1
5364	1	1	1	0	2	573	0	1
5375	1	1	1	0	2	573	0	1
5376	1	1	1	0	2	573	0	1
5377	1	1	1	0	2	573	0	1
5378	1	1	1	0	2	573	0	1
5379	1	1	1	0	2	573	0	1
5380	1	1	1	0	2	573	0	1
5381	1	1	1	0	2	573	0	1
5382	1	1	1	0	2	573	0	1
5383	1	1	1	0	2	573	0	1
5384	1	1	1	0	2	573	0	1
5395	1	1	1	0	2	573	0	1
5396	1	1	1	0	2	573	0	1
5397	1	1	1	0	2	573	0	1
5398	1	1	1	0	2	573	0	1
5399	1	1	1	0	2	573	0	1
5400	1	1	1	0	2	573	0	1
5401	1	1	1	0	2	573	0	1
5402	1	1	1	0	2	573	0	1
5403	1	1	1	0	2	573	0	1
5404	1	1	1	0	2	573	0	1
5415	1	1	1	0	2	573	0	1
5416	1	1	1	0	2	573	0	1
5417	1	1	1	0	2	573	0	1
5418	1	1	1	0	2	573	0	1
5419	1	1	1	0	2	573	0	1
5420	1	1	1	0	2	573	0	1
5421	1	1	1	0	2	573	0	1
5422	1	1	1	0	2	573	0	1
5423	1	1	1	0	2	573	0	1
5424	1	1	1	0	2	573	0	1
5435	1	1	1	0	2	573	0	1
5436	1	1	1	0	2	573	0	1
5437	1	1	1	0	2	573	0	1
5438	1	1	1	0	2	573	0	1
5439	1	1	1	0	2	573	0	1
5440	1	1	1	0	2	573	0	1
5441	1	1	1	0	2	573	0	1
5442	1	1	1	0	2	573	0	1
5443	1	1	1	0	2	573	0	1
5444	1	1	1	0	2	573	0	1
5455	1	1	1	0	2	573	0	1
5456	1	1	1	0	2	573	0	1
5457	1	1	1	0	2	573	0	1
5458	1	1	1	0	2	573	0	1
5459	1	1	1	0	2	573	0	1
5460	1	1	1	0	2	573	0	1
5461	1	1	1	0	2	573	0	1
5462	1	1	1	0	2	573	0	1
5463	1	1	1	0	2	573	0	1
5464	1	1	1	0	2	573	0	1
5475	1	1	1	0	2	573	0	1
5476	1	1	1	0	2	573	0	1
5477	1	1	1	0	2	573	0	1
5478	1	1	1	0	2	573	0	1
5479	1	1	1	0	2	573	0	1
5480	1	1	1	0	2	573	0	1
5481	1	1	1	0	2	573	0	1
5482	1	1	1	0	2	573	0	1
5483	1	1	1	0	2	573	0	1
5484	1	1	1	0	2	573	0	1
5495	1	1	1	0	2	573	0	1
5496	1	1	1	0	2	573	0	1
5497	1	1	1	0	2	573	0	1
5498	1	1	1	0	2	573	0	1
5499	1	1	1	0	2	573	0	1
5500	1	1	1	0	2	573	0	1
5501	1	1	1	0	2	573	0	1
5502	1	1	1	0	2	573	0	1
5503	1	1	1	0	2	573	0	1
